file_name,audit_report,gt,eval_score,eval_input_token_num,eval_output_token_num,eval_inference_time
0_util.py,"1. Whether the code is vulnerable or not. Tell me YES or NO.
   - YES

2. If YES, please list the vulnerabilities type, the vulnerable lines, and the reason.

   - **Vulnerability Type**: Exception Handling
     - **Vulnerable Lines**: Lines with `except:` blocks without specifying exception types.
     - **Reason**: Using bare `except:` can catch unexpected exceptions, including system-exiting exceptions like `KeyboardInterrupt` and `SystemExit`, which can lead to debugging difficulties and unintended behavior. Specific exceptions should be caught instead.

   - **Vulnerability Type**: Logging Format String
     - **Vulnerable Lines**: Line in `add_to_recents_if_single_selection` function.
     - **Reason**: The logging statement `logging.warning(""Could not add '%s' single item to recent files: %s"" % e)` is incorrectly formatted. It should be `logging.warning(""Could not add '%s' single item to recent files: %s"" % (uri_list[0], e))` to properly format the string with the intended variables.

   - **Vulnerability Type**: Use of Global Variables
     - **Vulnerable Lines**: Global variable `loc` is used and modified in `create_file_and_folder_picker`.
     - **Reason**: Using global variables can lead to code that is difficult to understand and maintain, as the state can be changed from anywhere in the code. It is better to pass variables as parameters or return them from functions.

   - **Vulnerability Type**: Potential Resource Leak
     - **Vulnerable Lines**: Lines where `Gio.File.new_for_path` is used without ensuring the file is properly closed.
     - **Reason**: Not explicitly closing files can lead to resource leaks. Although `Gio.File` is a high-level abstraction, it is good practice to ensure resources are managed properly.

3. If NO, please tell me the reason.
   - N/A

4. If you are not sure, please tell me the reason.
   - N/A","CVE: CVE-2022-42725
CVE Description: Warpinator through 1.2.14 allows access outside of an intended directory, as demonstrated by symbolic directory links.
CWE: ['CWE-59']
CWE Description: 
",2.0,1045.0,7.0,1.4636023044586182
1_chroot.py,"1. Whether the code is vulnerable or not. Tell me YES or NO.
   - YES

2. If YES, please list the vulnerabilities type, the vulnerable lines, and the reason.

   - **Command Injection**:
     - **Vulnerable Lines**: Lines involving `subprocess.Popen` in `_buffered_exec_command` method.
     - **Reason**: The `subprocess.Popen` call uses `shell=isinstance(local_cmd, basestring)`, which can lead to command injection if `local_cmd` is a string. This is because when `shell=True`, the command is executed through the shell, which can interpret special characters and execute unintended commands.

   - **Improper Input Validation**:
     - **Vulnerable Lines**: The `_generate_cmd` method and its usage in `_buffered_exec_command`.
     - **Reason**: The method constructs command strings using user-controlled inputs (`cmd` and `executable`). If these inputs are not properly sanitized, they could be manipulated to execute arbitrary commands.

   - **Insecure File Handling**:
     - **Vulnerable Lines**: `put_file` and `fetch_file` methods.
     - **Reason**: These methods use `open` to read and write files without checking for symbolic links or other file system tricks that could lead to unauthorized file access or modification.

3. If NO, please tell me the reason.
   - Not applicable.

4. If you are not sure, please tell me the reason.
   - Not applicable.","CVE: CVE-2015-6240
CVE Description: The chroot, jail, and zone connection plugins in ansible before 1.9.2 allow local users to escape a restricted environment via a symlink attack.
CWE: ['CWE-59']
CWE Description: 
",2.0,978.0,6.0,1.4163501262664795
2_jail.py,"1. Whether the code is vulnerable or not. Tell me YES or NO.
   - YES

2. If YES, please list the vulnerabilities type, the vulnerable lines, and the reason.

   - **Command Injection**:
     - **Vulnerable Lines**: 
       - `p = subprocess.Popen([self.jls_cmd, '-q', 'name'], ...)` in `list_jails()`
       - `p = subprocess.Popen([self.jls_cmd, '-j', self.jail, '-q', 'path'], ...)` in `get_jail_path()`
       - `p = subprocess.Popen(local_cmd, shell=isinstance(local_cmd, basestring), ...)` in `_buffered_exec_command()`
     - **Reason**: The code constructs command-line arguments using user-controlled variables (`self.jls_cmd`, `self.jail`, `local_cmd`) without proper sanitization or validation. This can lead to command injection if an attacker can influence these variables.

   - **Improper Input Validation**:
     - **Vulnerable Lines**: 
       - `if not self.jail in self.list_jails():` in `__init__()`
     - **Reason**: The method `list_jails()` returns a list of jail names, but there is no validation to ensure that `self.jail` is a valid and safe input. This could potentially allow an attacker to manipulate the jail name.

   - **Insecure File Handling**:
     - **Vulnerable Lines**: 
       - `with open(in_path, 'rb') as in_file:` in `put_file()`
       - `with open(out_path, 'wb+') as out_file:` in `fetch_file()`
     - **Reason**: The code opens files based on paths provided as arguments without checking if the paths are safe or valid. This can lead to directory traversal attacks if an attacker can control the file paths.

3. If NO, please tell me the reason.
   - N/A

4. If you are not sure, please tell me the reason.
   - N/A","CVE: CVE-2015-6240
CVE Description: The chroot, jail, and zone connection plugins in ansible before 1.9.2 allow local users to escape a restricted environment via a symlink attack.
CWE: ['CWE-59']
CWE Description: 
",2.0,1037.0,7.0,1.184819221496582
3_daemonizer.py,"1. Whether the code is vulnerable or not. Tell me YES or NO.
   - YES

2. If YES, please list the vulnerabilities type, the vulnerable lines, and the reason.

   - **Improper Exception Handling**: 
     - Lines: `class DaemonizerException`, `except IOError`, `except OSError`
     - Reason: The custom exception class `DaemonizerException` does not inherit from Python's built-in `Exception` class, which is a bad practice. Additionally, catching broad exceptions like `IOError` and `OSError` without specific handling or logging can lead to silent failures and make debugging difficult.

   - **Race Condition**:
     - Lines: `def daemon_start(self, start_as_daemon=1):`, `if self.is_process_running():`
     - Reason: There is a potential race condition between checking if a process is running and writing the PID file. Another process could start between these operations, leading to multiple instances running.

   - **File Descriptor Leakage**:
     - Lines: `for fd in range(1024):`
     - Reason: The code attempts to close all file descriptors up to 1024, which might not cover all open file descriptors on systems with a higher limit. This can lead to resource leakage.

   - **Insecure File Handling**:
     - Lines: `f = open(self.pidfile, 'w')`
     - Reason: The PID file is opened without checking if it already exists or if it is a symbolic link, which could lead to security issues such as symlink attacks.

   - **Python 2 Syntax**:
     - Lines: `print usage`, `print ""Server process %s is running."" % pid`, etc.
     - Reason: The code uses Python 2 syntax for print statements, which is deprecated and insecure as Python 2 is no longer supported.

   - **Potential Command Injection**:
     - Lines: `operation = argv[1]`
     - Reason: The command-line argument `operation` is used directly without validation, which could lead to command injection if the input is not properly sanitized.

3. If NO, please tell me the reason.
   - N/A

4. If you are not sure, please tell me the reason.
   - N/A","CVE: CVE-2011-2765
CVE Description: pyro before 3.15 unsafely handles pid files in temporary directory locations and opening the pid file as root. An attacker can use this flaw to overwrite arbitrary files via symlinks.
CWE: ['CWE-59']
CWE Description: 
",4.0,1108.0,7.0,1.0239300727844238
4_reposync.py,"1. Whether the code is vulnerable or not. Tell me YES or NO.
   - YES

2. If YES, please list the vulnerabilities type, the vulnerable lines, and the reason.

   - **Command Injection**:
     - Vulnerable Lines: Lines involving `os.system`, `os.popen`, `subprocess`, etc., are not directly present, but the use of `os.makedirs` and `os.unlink` with user-controlled input (e.g., `opts.destdir`, `pkg.localpath`) can lead to command injection if not properly sanitized.
     - Reason: If `opts.destdir` or `pkg.localpath` are derived from user input, they could be manipulated to execute arbitrary commands or access unauthorized files.

   - **Path Traversal**:
     - Vulnerable Lines: Lines involving `os.path.join` and `os.unlink` with user-controlled input, such as `opts.destdir` and `pkg.localpath`.
     - Reason: If these paths are not properly sanitized, an attacker could use path traversal techniques to access or delete files outside the intended directory.

   - **Insecure File Permissions**:
     - Vulnerable Lines: Lines involving `os.makedirs` and file operations without setting secure permissions.
     - Reason: Files and directories are created without explicitly setting permissions, which could lead to unauthorized access if the default permissions are too permissive.

   - **Improper Exception Handling**:
     - Vulnerable Lines: Lines involving `except OSError, e` and similar constructs.
     - Reason: Using old-style exception handling (`except OSError, e`) is deprecated and can lead to issues in Python 3. Additionally, not all exceptions are handled, which could lead to crashes or undefined behavior.

   - **Use of Deprecated Modules**:
     - Vulnerable Lines: `from urlparse import urljoin` and `from optparse import OptionParser`.
     - Reason: These modules are deprecated in Python 3 (`urlparse` is replaced by `urllib.parse`, and `optparse` is replaced by `argparse`), which could lead to compatibility issues.

3. If NO, please tell me the reason.
   - N/A

4. If you are not sure, please tell me the reason.
   - N/A

Overall, the code has several potential vulnerabilities related to file handling and user input that need to be addressed to ensure security. Proper input validation, exception handling, and secure file operations are recommended.","CVE: CVE-2018-10897
CVE Description: A directory traversal issue was found in reposync, a part of yum-utils, where reposync fails to sanitize paths in remote repository configuration files. If an attacker controls a repository, they may be able to copy files outside of the destination directory on the targeted system via path traversal. If reposync is running with heightened privileges on a targeted system, this flaw could potentially result in system compromise via the overwriting of critical system files. Version 1.1.31 and older are believed to be affected.
CWE: ['CWE-59', 'CWE-22']
CWE Description: 
",4.0,1212.0,7.0,0.8377549648284912
5_registerservlet.py,"1. Whether the code is vulnerable or not. Tell me YES or NO.
   - YES

2. If YES, please list the vulnerabilities type, the vulnerable lines, and the reason.

   - **Vulnerability Type**: Server-Side Request Forgery (SSRF)
     - **Vulnerable Lines**: 
       ```python
       res = yield self.client.get_json(
           ""matrix://%s/_matrix/federation/v1/openid/userinfo?access_token=%s""
           % (
               host,
               urllib.parse.quote(access_token),
           ),
           1024 * 5,
       )
       ```
     - **Reason**: The code constructs a URL using user-supplied input (`matrix_server_name`) and makes a request to it. If the `FederationHttpClient` does not properly validate or restrict the URLs it can connect to, this could allow an attacker to make requests to internal services or other unintended endpoints.

   - **Vulnerability Type**: Insufficient Input Validation
     - **Vulnerable Lines**: 
       ```python
       matrix_server_name, access_token = get_args(request, ('matrix_server_name', 'access_token')).values()
       ```
     - **Reason**: The `matrix_server_name` is only validated to be a valid hostname, but there is no check to ensure it is a trusted or expected domain. This could be exploited in conjunction with the SSRF vulnerability.

   - **Vulnerability Type**: Information Disclosure
     - **Vulnerable Lines**: 
       ```python
       if 'sub' not in res:
           raise Exception(""Invalid response from homeserver"")
       ```
     - **Reason**: Raising a generic exception with a message that could potentially be exposed to the client might leak information about the internal logic or state of the server. It's better to handle such errors gracefully and return a sanitized error message to the client.

3. If NO, please tell me the reason.
   - N/A

4. If you are not sure, please tell me the reason.
   - N/A","CVE: CVE-2021-29431
CVE Description: Sydent is a reference Matrix identity server. Sydent can be induced to send HTTP GET requests to internal systems, due to lack of parameter validation or IP address blacklisting. It is not possible to exfiltrate data or control request headers, but it might be possible to use the attack to perform an internal port enumeration. This issue has been addressed in in 9e57334, 8936925, 3d531ed, 0f00412. A potential workaround would be to use a firewall to ensure that Sydent cannot reach internal HTTP resources.
CWE: ['CWE-20', 'CWE-918']
CWE Description: 
",4.0,1121.0,7.0,0.7326705455780029
6_handlers.py,"1. Whether the code is vulnerable or not. Tell me YES or NO.
   - YES

2. If YES, please list the vulnerabilities type, the vulnerable lines, and the reason.

   - **Directory Traversal Vulnerability**:
     - **Vulnerable Lines**: The vulnerability is primarily in the `get` method where `_path` is used directly.
     - **Reason**: The code does not sanitize or validate the `_path` parameter, which can allow an attacker to perform directory traversal attacks by including `../` sequences in the URL. This could potentially allow access to files outside the intended directory.

   - **Insecure Content-Type Handling**:
     - **Vulnerable Lines**: Lines where `set_header('Content-Type', ...)` is set based on file extension or guessed MIME type.
     - **Reason**: The code relies on file extensions and `mimetypes.guess_type` to set the `Content-Type` header, which can be manipulated by an attacker to serve malicious content with a misleading MIME type. This can lead to security issues such as XSS if a file is served with an incorrect MIME type.

   - **Use of Deprecated Function**:
     - **Vulnerable Lines**: `self.write(base64.decodestring(b))`
     - **Reason**: The `base64.decodestring` function is deprecated in Python 3.1 and removed in Python 3.9. It should be replaced with `base64.b64decode` to ensure compatibility with current and future Python versions.

3. If NO, please tell me the reason.
   - N/A

4. If you are not sure, please tell me the reason.
   - N/A","CVE: CVE-2015-7337
CVE Description: The editor in IPython Notebook before 3.2.2 and Jupyter Notebook 4.0.x before 4.0.5 allows remote attackers to execute arbitrary JavaScript code via a crafted file, which triggers a redirect to files/, related to MIME types.
CWE: ['CWE-20']
CWE Description: 
",2.0,1000.0,7.0,0.8067319393157959
7_httpcommon.py,"1. Whether the code is vulnerable or not. Tell me YES or NO.
   - YES

2. If YES, please list the vulnerabilities type, the vulnerable lines, and the reason.

   - **Insecure File Handling**:
     - Vulnerable Lines: Lines where files are opened without using a context manager (e.g., `with` statement).
     - Reason: The code opens files using `open()` without a context manager, which can lead to resource leaks if an exception occurs before the file is closed. This is seen in the `makeMyCertificate` and `makeTrustRoot` methods.

   - **Potential Information Disclosure**:
     - Vulnerable Lines: Lines where exceptions are caught and logged without proper handling.
     - Reason: In the `makeTrustRoot` method, exceptions are caught and logged with a warning message. This could potentially disclose sensitive information about the file paths or the nature of the error if the logs are exposed.

   - **Use of Deprecated Methods**:
     - Vulnerable Lines: Lines where `logger.warn` is used.
     - Reason: The `logger.warn` method is deprecated and should be replaced with `logger.warning` to ensure compatibility with future versions of Python.

3. If NO, please tell me the reason.
   - N/A

4. If you are not sure, please tell me the reason.
   - N/A

Recommendations:
- Use a context manager (`with` statement) when opening files to ensure they are properly closed even if an error occurs.
- Avoid logging sensitive information and ensure that logs are properly secured.
- Update deprecated logging methods to their current equivalents to maintain compatibility with future Python versions.","CVE: CVE-2021-29430
CVE Description: Sydent is a reference Matrix identity server. Sydent does not limit the size of requests it receives from HTTP clients. A malicious user could send an HTTP request with a very large body, leading to memory exhaustion and denial of service. Sydent also does not limit response size for requests it makes to remote Matrix homeservers. A malicious homeserver could return a very large response, again leading to memory exhaustion and denial of service. This affects any server which accepts registration requests from untrusted clients. This issue has been patched by releases 89071a1, 0523511, f56eee3. As a workaround request sizes can be limited in an HTTP reverse-proxy. There are no known workarounds for the problem with overlarge responses.
CWE: ['CWE-20', 'CWE-400', 'CWE-770']
CWE Description: 
",2.0,1087.0,7.0,1.0001256465911863
8_git.py,"1. Whether the code is vulnerable or not. Tell me YES or NO.
   - YES

2. If YES, please list the vulnerabilities type, the vulnerable lines, and the reason.

   - **Command Injection**:
     - **Vulnerable Lines**: Multiple instances throughout the code where `run_command` is used with user-controlled inputs.
     - **Reason**: The `run_command` function is used to execute shell commands, and it is constructed using user-controlled inputs such as `url`, `rev_options`, and `location`. If these inputs are not properly sanitized, an attacker could inject arbitrary commands.

   - **Improper URL Handling**:
     - **Vulnerable Lines**: Lines involving `get_url_rev_and_auth` method.
     - **Reason**: The method manipulates URLs and could potentially mishandle specially crafted URLs, leading to security issues such as SSRF (Server-Side Request Forgery) or bypassing URL restrictions.

3. If NO, please tell me the reason.
   - N/A

4. If you are not sure, please tell me the reason.
   - N/A

**Recommendations**:
- Ensure that all inputs used in constructing shell commands are properly validated and sanitized.
- Consider using libraries or functions that safely handle shell command execution, such as Python's `subprocess.run` with `shell=False`.
- Validate and sanitize URLs to prevent SSRF and other URL-based attacks.
- Implement logging and monitoring to detect any unusual command executions or URL accesses.","CVE: CVE-2021-3572
CVE Description: A flaw was found in python-pip in the way it handled Unicode separators in git references. A remote attacker could possibly use this issue to install a different revision on a repository. The highest threat from this vulnerability is to data integrity. This is fixed in python-pip version 21.1.
CWE: ['CWE-20', 'NVD-CWE-noinfo']
CWE Description: 
",2.0,957.0,7.0,0.5111346244812012
9_browser.py,"1. Whether the code is vulnerable or not. Tell me YES or NO.
   - YES

2. If YES, please list the vulnerabilities type, the vulnerable lines, and the reason.

   - **Insecure Temporary File Creation**:
     - **Vulnerable Line**: `with tempfile.NamedTemporaryFile(delete=False, suffix='.html') as file:`
     - **Reason**: The use of `delete=False` in `NamedTemporaryFile` can lead to security issues because it leaves the temporary file on the filesystem after the file is closed. This can be exploited by an attacker to read or modify the file if they have access to the temporary directory. It's better to use `delete=True` or ensure proper file permissions and cleanup.

   - **Potential Open Redirect**:
     - **Vulnerable Line**: `url = urllib.parse.urljoin(url, action)`
     - **Reason**: If `action` is user-controlled and not properly validated, it could lead to an open redirect vulnerability. This can be exploited by attackers to redirect users to malicious sites.

   - **Weak Finalization Logic**:
     - **Vulnerable Line**: `self._finalize = weakref.finalize(self.session, self.close)`
     - **Reason**: Using `weakref.finalize` for session cleanup might not guarantee that resources are released promptly. If the object is not garbage collected in a timely manner, resources may remain open longer than necessary.

3. If NO, please tell me the reason.
   - N/A

4. If you are not sure, please tell me the reason.
   - N/A","CVE: CVE-2023-34457
CVE Description: MechanicalSoup is a Python library for automating interaction with websites. Starting in version 0.2.0 and prior to version 1.3.0, a malicious web server can read arbitrary files on the client using a `<input type=""file"" ...>` inside HTML form. All users of MechanicalSoup's form submission are affected, unless they took very specific (and manual) steps to reset HTML form field values. Version 1.3.0 contains a patch for this issue.
CWE: ['CWE-20']
CWE Description: 
",2.0,1008.0,7.0,0.5110001564025879
10_pycrypto.py,"1. Whether the code is vulnerable or not. Tell me YES or NO.
   - YES

2. If YES, please list the vulnerabilities type, the vulnerable lines, and the reason.
   - **Vulnerability Type:** Hardcoded Initialization Vector (IV)
     - **Vulnerable Lines:** Lines involving `Counter.new(128, initial_value=0)`
     - **Reason:** The code uses a hardcoded initial value of 0 for the counter in AES CTR mode. This can lead to predictable encryption patterns, making it easier for attackers to perform certain types of cryptographic attacks, such as replay attacks or distinguishing attacks.

   - **Vulnerability Type:** Weak Key Management
     - **Vulnerable Lines:** The code does not specify how `x1` (the encryption key) is generated or managed.
     - **Reason:** Without proper key management practices, such as using a secure random key generator and secure storage, the encryption key may be weak or exposed, compromising the security of the encryption.

3. If NO, please tell me the reason.
   - Not applicable.

4. If you are not sure, please tell me the reason.
   - Not applicable.","CVE: CVE-2012-3458
CVE Description: Beaker before 1.6.4, when using PyCrypto to encrypt sessions, uses AES in ECB cipher mode, which might allow remote attackers to obtain portions of sensitive session data via unspecified vectors.
CWE: ['CWE-310']
CWE Description: 
",2.0,864.0,7.0,1.7400546073913574
11_ElGamal.py,"1. Whether the code is vulnerable or not. Tell me YES or NO.
   - YES

2. If YES, please list the vulnerabilities type, the vulnerable lines, and the reason.

   - **Vulnerability Type**: Use of Deprecated Library
     - **Vulnerable Lines**: `from Crypto.PublicKey.pubkey import *`, `from Crypto.Util import number`
     - **Reason**: The `Crypto` library (PyCrypto) is outdated and no longer maintained. It is recommended to use `pycryptodome`, a fork of PyCrypto, which is actively maintained and more secure.

   - **Vulnerability Type**: Weak Random Number Generation
     - **Vulnerable Lines**: `obj.g = number.getRandomRange(3, obj.p, randfunc)`, `obj.x=number.getRandomRange(2, obj.p-1, randfunc)`
     - **Reason**: The security of cryptographic operations depends on the quality of the random numbers used. If `randfunc` is not a cryptographically secure random number generator, it could lead to vulnerabilities.

   - **Vulnerability Type**: Incorrect Use of Cryptographic Primitives
     - **Vulnerable Lines**: `def _verify(self, M, sig): if sig[0]<1 or sig[0]>p-1:`
     - **Reason**: The variable `p` is not defined in the scope of the `_verify` method. This will cause a runtime error, potentially leading to incorrect verification logic.

   - **Vulnerability Type**: Potential Infinite Loop
     - **Vulnerable Lines**: `while 1:`
     - **Reason**: The use of `while 1:` without a guaranteed exit condition can lead to infinite loops if the break condition is never met.

   - **Vulnerability Type**: Incorrect Tuple Handling
     - **Vulnerable Lines**: `if len(tuple) not in [3,4]:`
     - **Reason**: The code uses `tuple` instead of `tup`, which is the parameter name. This will cause a runtime error.

3. If NO, please tell me the reason.
   - Not applicable.

4. If you are not sure, please tell me the reason.
   - Not applicable.","CVE: CVE-2012-2417
CVE Description: PyCrypto before 2.6 does not produce appropriate prime numbers when using an ElGamal scheme to generate a key, which reduces the signature space or public key space and makes it easier for attackers to conduct brute force attacks to obtain the private key.
CWE: ['CWE-310']
CWE Description: 
",2.0,1091.0,7.0,1.6744098663330078
12_unpfs.py,"1. Whether the code is vulnerable or not. Tell me YES or NO.
   - YES

2. If YES, please list the vulnerabilities type, the vulnerable lines, and the reason.

   - **Directory Traversal Vulnerability**:
     - **Vulnerable Lines**: The vulnerability is primarily in the `extractor` method, specifically around the line where `os.path.abspath(os.path.join(ab, ad.fname))` is used.
     - **Reason**: The code attempts to prevent directory traversal by checking if the absolute path `ae` starts with `ab`. However, this check can be bypassed if `ad.fname` contains symbolic links or other path manipulation techniques that resolve to a path outside of `ab`. The warning message indicates an attempt to handle this, but the check is not foolproof.

   - **Improper Input Handling**:
     - **Vulnerable Lines**: The `_get_fname_len` method and the `_decode_fname` method.
     - **Reason**: These methods handle file names and assume that the input data is well-formed. If the input data is malformed or maliciously crafted, it could lead to unexpected behavior or errors. For example, if `p.find('\0')` returns -1, it could cause issues in `_get_fname_len`.

3. If NO, please tell me the reason.
   - N/A

4. If you are not sure, please tell me the reason.
   - N/A

**Recommendations**:
- Implement stricter checks for directory traversal, such as resolving symbolic links and ensuring the final resolved path is within the intended directory.
- Validate and sanitize input data more thoroughly to prevent unexpected behavior from malformed inputs.
- Consider using libraries or functions that are specifically designed to handle file paths securely.","CVE: CVE-2022-4510
CVE Description: A path traversal vulnerability was identified in ReFirm Labs binwalk from version 2.1.2b through 2.3.3 included. By crafting a malicious PFS filesystem file, an attacker can get binwalk's PFS extractor to extract files at arbitrary locations when binwalk is run in extraction mode (-e option). Remote code execution can be achieved by building a PFS filesystem that, upon extraction, would extract a malicious binwalk module into the folder .config/binwalk/plugins.
 This vulnerability is associated with program files src/binwalk/plugins/unpfs.py.

This issue affects binwalk from 2.1.2b through 2.3.3 included.
CWE: ['CWE-22']
CWE Description: 
",4.0,1080.0,7.0,0.7025454044342041
13_file.py,"1. Whether the code is vulnerable or not. Tell me YES or NO.
   - YES

2. If YES, please list the vulnerabilities type, the vulnerable lines, and the reason.

   - **Directory Traversal Vulnerability**:
     - **Vulnerable Lines**: Lines involving `os.path.realpath(__)` and `os.path.exists(__)`.
     - **Reason**: The code uses `os.path.realpath()` to resolve the file path, but it does not adequately sanitize the input to prevent directory traversal attacks. An attacker could potentially manipulate the `file` parameter to access files outside the intended directory.

   - **Insecure File Handling**:
     - **Vulnerable Lines**: Lines involving `static.File(__, defaultType = ""application/octet-stream"").render(request)`.
     - **Reason**: The code serves files directly from the filesystem without proper validation or sanitization of the file path, which could lead to unauthorized file access.

   - **HTTP Host Header Injection**:
     - **Vulnerable Lines**: Lines involving `request.getHeader('host')`.
     - **Reason**: The code uses the `Host` header from the HTTP request without validation. This can be exploited in certain scenarios to perform host header injection attacks, potentially leading to cache poisoning or other security issues.

   - **Potential Information Disclosure**:
     - **Vulnerable Lines**: Lines involving `return ""File '%s' not found"" % (__)`.
     - **Reason**: The error message discloses the exact file path that was attempted to be accessed, which could provide an attacker with information about the server's directory structure.

3. If NO, please tell me the reason.
   - Not applicable.

4. If you are not sure, please tell me the reason.
   - Not applicable.","CVE: CVE-2018-20332
CVE Description: An issue has been discovered in the OpenWebif plugin through 1.2.4 for Enigma2 based devices. Reading of arbitrary files is possible with /file?action=download&file= followed by a full pathname, and listing of arbitrary directories is possible with /file?action=download&dir= followed by a full pathname. This is related to plugin/controllers/file.py in the e2openplugin-OpenWebif project.
CWE: ['CWE-22']
CWE Description: 
",4.0,1050.0,7.0,1.1310296058654783
14_static.py,"1. Whether the code is vulnerable or not. Tell me YES or NO.
   - YES

2. If YES, please list the vulnerabilities type, the vulnerable lines, and the reason.

   - **Directory Traversal Vulnerability**:
     - **Vulnerable Lines**: The `_secure_path` function and its usage in `get_resource_name`.
     - **Reason**: The `_secure_path` function attempts to sanitize paths by checking for insecure path elements like `..`, `.`, and empty strings. However, it does not adequately handle all possible malicious inputs, such as encoded path traversal sequences or other filesystem quirks that could bypass these checks. This could allow an attacker to access files outside the intended directory.

   - **Insecure File Handling**:
     - **Vulnerable Lines**: `get_manifest` method in `ManifestCacheBuster`.
     - **Reason**: The `get_manifest` method opens a file specified by `manifest_path` without any validation or sanitization of the path. If an attacker can influence the `manifest_spec`, they might be able to read arbitrary files on the server.

   - **Potential HTTP Header Injection**:
     - **Vulnerable Lines**: `add_slash_redirect` method.
     - **Reason**: The `add_slash_redirect` method constructs a URL for redirection using `request.path_url` and `request.query_string` without sanitization. If these values are not properly sanitized elsewhere, it could lead to HTTP header injection vulnerabilities.

3. If NO, please tell me the reason.
   - N/A

4. If you are not sure, please tell me the reason.
   - N/A","CVE: CVE-2023-40587
CVE Description: Pyramid is an open source Python web framework. A path traversal vulnerability in Pyramid versions 2.0.0 and 2.0.1 impacts users of Python 3.11 that are using a Pyramid static view with a full filesystem path and have a `index.html` file that is located exactly one directory above the location of the static view's file system path. No further path traversal exists, and the only file that could be disclosed accidentally is `index.html`. Pyramid version 2.0.2 rejects any path that contains a null-byte out of caution. While valid in directory/file names, we would strongly consider it a mistake to use null-bytes in naming files/directories. Secondly, Python 3.11, and 3.12 has fixed the underlying issue in `os.path.normpath` to no longer truncate on the first `0x00` found, returning the behavior to pre-3.11 Python, un an as of yet unreleased version. Fixes will be available in:Python 3.12.0rc2 and 3.11.5. Some workarounds are available. Use a version of Python 3 that is not affected, downgrade to Python 3.10 series temporarily, or wait until Python 3.11.5 is released and upgrade to the latest version of Python 3.11 series.
CWE: ['CWE-22']
CWE Description: 
",4.0,1215.0,7.0,0.8114907741546631
15_file.py,"1. Whether the code is vulnerable or not. Tell me YES or NO.
   - YES

2. If YES, please list the vulnerabilities type, the vulnerable lines, and the reason.

   - **Unrestricted File Upload**:
     - **Vulnerable Lines**: Lines involving file upload handling, particularly around the `on_file` function and the file extraction logic.
     - **Reason**: The code allows users to upload files without sufficient validation or sanitization of file names and types. This can lead to potential security risks such as uploading malicious files or overwriting existing files.

   - **Path Traversal**:
     - **Vulnerable Lines**: Lines involving `os.path.join(q, data['file'])` and `os.path.join(q, files[0])`.
     - **Reason**: The code constructs file paths using user-controlled input without proper validation. This can allow attackers to perform path traversal attacks, potentially accessing unauthorized files on the server.

   - **Insecure File Extraction**:
     - **Vulnerable Lines**: Lines involving `f.extractall(q)` for zip files.
     - **Reason**: Extracting files from an archive without validating the contents can lead to directory traversal attacks if the archive contains files with paths like `../`.

   - **Insecure HTTP Requests**:
     - **Vulnerable Lines**: Lines involving `requests.get(j, stream=True)`.
     - **Reason**: The code fetches files from URLs provided by users without validating the URL or ensuring it points to a trusted source. This can lead to downloading malicious content.

3. If NO, please tell me the reason.
   - N/A

4. If you are not sure, please tell me the reason.
   - N/A

To mitigate these vulnerabilities, consider implementing file type and name validation, using secure methods for file extraction, validating URLs before downloading, and ensuring proper error handling and logging.","CVE: CVE-2023-30620
CVE Description: mindsdb is a Machine Learning platform to help developers build AI solutions. In affected versions an unsafe extraction is being performed using `tarfile.extractall()` from a remotely retrieved tarball. Which may lead to the writing of the extracted files to an unintended location. Sometimes, the vulnerability is called a TarSlip or a ZipSlip variant. An attacker may leverage this vulnerability to overwrite any local file which the server process has access to. There is no risk of file exposure with this vulnerability. This issue has been addressed in release `23.2.1.0 `. Users are advised to upgrade. There are no known workarounds for this vulnerability.
CWE: ['CWE-22']
CWE Description: 
",4.0,1098.0,7.0,1.5835111141204834
16_ops.py,"1. Whether the code is vulnerable or not. Tell me YES or NO.

   YES

2. If YES, please list the vulnerabilities type, the vulnerable lines, and the reason.

   - **Improper Error Handling**:
     - **Lines**: Multiple instances, such as in `set_error` method.
     - **Reason**: The `set_error` method captures exceptions and sets an error message, but it does not log the exception details or take any corrective action. This can lead to silent failures where the root cause of an error is not visible, making it difficult to debug and potentially allowing issues to persist unnoticed.

   - **Insecure File Handling**:
     - **Lines**: `prepare_receive_info` method.
     - **Reason**: The method `util.test_resolved_path_safety(top_dir)` is used to check path safety, but there is no indication of how robust this check is. If `test_resolved_path_safety` is not implemented securely, it could allow directory traversal attacks or other file system vulnerabilities.

   - **Lack of Authentication/Authorization**:
     - **Lines**: Throughout the code, especially in `SendOp` and `ReceiveOp` classes.
     - **Reason**: The code handles file transfers between machines but does not show any implementation of authentication or authorization checks. This could allow unauthorized users to initiate or accept transfers, leading to potential data leaks or unauthorized data manipulation.

   - **Potential Denial of Service (DoS)**:
     - **Lines**: `prepare_receive_info` method.
     - **Reason**: The method checks for free space using `util.free_space_monitor.have_enough_free`, but if this check is not efficient or if the system is under heavy load, it could lead to performance issues or denial of service.

3. If NO, please tell me the reason.

   N/A

4. If you are not sure, please tell me the reason.

   N/A","CVE: CVE-2023-29380
CVE Description: Warpinator before 1.6.0 allows remote file deletion via directory traversal in top_dir_basenames.
CWE: ['CWE-22']
CWE Description: 
",2.0,1003.0,7.0,1.098968267440796
17_sec.py,"1. Whether the code is vulnerable or not. Tell me YES or NO.
   - YES

2. If YES, please list the vulnerabilities type, the vulnerable lines, and the reason.

   - **Command Injection**:
     - **Vulnerable Lines**: Lines involving `subprocess.Popen` in the `check_path` function.
     - **Reason**: The code uses `subprocess.Popen` with `shell=True` and constructs the command using string interpolation with user-controlled input (`item`). This can lead to command injection if an attacker can manipulate the input to execute arbitrary commands.

   - **Improper Input Validation**:
     - **Vulnerable Lines**: Lines involving `re.findall('\$|\*|\?', item)` and subsequent processing in the `check_path` function.
     - **Reason**: The code attempts to sanitize input using regular expressions but does not adequately handle all possible malicious inputs, especially when dealing with shell metacharacters.

   - **Potential Path Traversal**:
     - **Vulnerable Lines**: Lines involving `os.path.exists(item)` and `os.path.realpath(item)` in the `check_secure` function.
     - **Reason**: The code checks for the existence of paths and resolves them without proper validation, which could lead to path traversal vulnerabilities if user input is not properly sanitized.

3. If NO, please tell me the reason.
   - N/A

4. If you are not sure, please tell me the reason.
   - N/A

Overall, the code has several security vulnerabilities related to command injection, improper input validation, and potential path traversal. These issues arise from inadequate sanitization and validation of user inputs, especially when interacting with the shell and file system.","CVE: CVE-2016-6903
CVE Description: lshell 0.9.16 allows remote authenticated users to break out of a limited shell and execute arbitrary commands.
CWE: ['CWE-264']
CWE Description: 
",4.0,972.0,7.0,0.7652473449707031
18_test_virt.py,"1. Whether the code is vulnerable or not. Tell me YES or NO.

   YES

2. If YES, please list the vulnerabilities type, the vulnerable lines, and the reason.

   - **Path Traversal Vulnerability**:
     - **Vulnerable Lines**: 
       - `self.assertRaises(exception.Invalid, disk_api._join_and_check_path_within_fs, '/foo', 'etc/../../../something.conf')`
       - `self.assertRaises(exception.Invalid, disk_api._inject_file_into_fs, '/tmp', '/etc/../../../../etc/passwd', 'hax')`
     - **Reason**: The code is testing for path traversal vulnerabilities by attempting to access files outside the intended directory using relative paths like `../../../`. If the function `_join_and_check_path_within_fs` or `_inject_file_into_fs` does not properly sanitize or validate the input paths, it could allow an attacker to access or modify sensitive files on the filesystem.

3. If NO, please tell me the reason.

   N/A

4. If you are not sure, please tell me the reason.

   N/A","CVE: CVE-2012-3361
CVE Description: virt/disk/api.py in OpenStack Compute (Nova) Folsom (2012.2), Essex (2012.1), and Diablo (2011.3) allows remote authenticated users to overwrite arbitrary files via a symlink attack on a file in an image.
CWE: ['CWE-264']
CWE Description: 
",4.0,860.0,7.0,0.7175052165985107
19_test_virt.py,"1. Whether the code is vulnerable or not. Tell me YES or NO.

   YES

2. If YES, please list the vulnerabilities type, the vulnerable lines, and the reason.

   - **Path Traversal Vulnerability**:
     - **Vulnerable Lines**: 
       - `self.assertRaises(exception.Invalid, disk_api._join_and_check_path_within_fs, '/foo', 'etc/../../../something.conf')`
       - `self.assertRaises(exception.Invalid, disk_api._inject_file_into_fs, '/tmp', '/etc/../../../../etc/passwd', 'hax')`
     - **Reason**: The code is testing for path traversal vulnerabilities by attempting to access files outside the intended directory using relative paths like `../../../`. This indicates that the functions `_join_and_check_path_within_fs` and `_inject_file_into_fs` might be vulnerable to path traversal if not properly handled. The test cases are designed to ensure these functions raise exceptions when such paths are used, but if the implementation of these functions does not correctly handle such cases, it could lead to unauthorized file access.

3. If NO, please tell me the reason.

   N/A

4. If you are not sure, please tell me the reason.

   N/A","CVE: CVE-2012-3361
CVE Description: virt/disk/api.py in OpenStack Compute (Nova) Folsom (2012.2), Essex (2012.1), and Diablo (2011.3) allows remote authenticated users to overwrite arbitrary files via a symlink attack on a file in an image.
CWE: ['CWE-264']
CWE Description: 
",2.0,886.0,6.0,0.8697044849395752
20_sec.py,"1. Whether the code is vulnerable or not. Tell me YES or NO.
   - YES

2. If YES, please list the vulnerabilities type, the vulnerable lines, and the reason.

   - **Command Injection**: 
     - **Vulnerable Lines**: Lines involving `subprocess.Popen` in the `check_path` function.
     - **Reason**: The code uses `subprocess.Popen` with `shell=True` and user-controlled input (`i`). This can lead to command injection if an attacker can manipulate the input to execute arbitrary commands.

   - **Improper Input Validation**:
     - **Vulnerable Lines**: Lines involving `re.findall` and `re.sub` in the `check_path` and `check_secure` functions.
     - **Reason**: The code attempts to sanitize inputs using regular expressions but does not adequately handle all potential malicious inputs, especially those involving shell metacharacters.

   - **Use of Global Variables**:
     - **Vulnerable Lines**: Throughout the code, especially in functions like `warn_count`, `check_path`, and `check_secure`.
     - **Reason**: The use of global variables (`global_vars`) can lead to unintended side effects and make the code harder to maintain and secure. It can also lead to race conditions in a multi-threaded environment.

   - **Potential Path Traversal**:
     - **Vulnerable Lines**: Lines involving `os.path.realpath` and `os.path.expanduser` in the `check_path` function.
     - **Reason**: The code does not adequately validate or sanitize paths, which could allow an attacker to perform path traversal attacks if they can control the input.

3. If NO, please tell me the reason.
   - N/A

4. If you are not sure, please tell me the reason.
   - N/A","CVE: CVE-2016-6902
CVE Description: lshell 0.9.16 allows remote authenticated users to break out of a limited shell and execute arbitrary commands.
CWE: ['CWE-264']
CWE Description: 
",2.0,977.0,7.0,0.6146392822265625
21_regex.py,"1. Whether the code is vulnerable or not. Tell me YES or NO.
   - YES

2. If YES, please list the vulnerabilities type, the vulnerable lines, and the reason.
   - **Vulnerability Type**: Insecure Configuration Handling
     - **Vulnerable Lines**: Lines involving `config.get(""rights"", ""file"")` and `config.get(""rights"", ""type"")`
     - **Reason**: The code reads configuration values for rights management from a file specified in the configuration. If this file is not properly secured or validated, it could lead to unauthorized access or privilege escalation. The code does not validate the content of the configuration file, which could be manipulated to grant excessive permissions.

   - **Vulnerability Type**: Use of Deprecated Methods
     - **Vulnerable Lines**: `rgx.readfp(StringIO(DEFINED_RIGHTS[r]))`
     - **Reason**: The `readfp` method is deprecated in Python 3 and should be replaced with `read_file`. Using deprecated methods can lead to compatibility issues and potential security risks if the method is removed or altered in future Python versions.

   - **Vulnerability Type**: Insufficient Logging
     - **Vulnerable Lines**: Throughout the code where logging is performed
     - **Reason**: While the code logs various actions, it does not log failed authorization attempts in detail. This could hinder the detection of unauthorized access attempts or configuration errors.

3. If NO, please tell me the reason.
   - Not applicable.

4. If you are not sure, please tell me the reason.
   - Not applicable.","CVE: CVE-2015-8748
CVE Description: Radicale before 1.1 allows remote authenticated users to bypass owner_write and owner_only limitations via regex metacharacters in the user name, as demonstrated by "".*"".
CWE: ['CWE-264']
CWE Description: 
",2.0,964.0,7.0,0.764185905456543
22_messageboxhandler.py,"1. Whether the code is vulnerable or not. Tell me YES or NO.
   - YES

2. If YES, please list the vulnerabilities type, the vulnerable lines, and the reason.

   - **Vulnerability Type**: Command Injection
     - **Vulnerable Lines**: Line with `subprocess.run([""notify-send"", _], check=False, timeout=2)`
     - **Reason**: The code uses `subprocess.run` to execute a shell command with user-controlled input (`_`). If the logging message (`record`) contains malicious content, it could lead to command injection. This is because the message is directly passed to the shell command without proper sanitization or escaping.

3. If NO, please tell me the reason.
   - N/A

4. If you are not sure, please tell me the reason.
   - N/A","CVE: CVE-2023-45158
CVE Description: An OS command injection vulnerability exists in web2py 2.24.1 and earlier. When the product is configured to use notifySendHandler for logging (not the default configuration), a crafted web request may execute an arbitrary OS command on the web server using the product.
CWE: ['CWE-78']
CWE Description: 
",3.0,811.0,7.0,1.0728940963745115
23_pull.py,"1. Whether the code is vulnerable or not. Tell me YES or NO.
   - YES

2. If YES, please list the vulnerabilities type, the vulnerable lines, and the reason.

   - **Command Injection**:
     - **Vulnerable Lines**: Lines involving `subprocess.Popen`, `subprocess.run`, and `subprocess.check_output` calls.
     - **Reason**: The code constructs shell commands using user-provided inputs (`git_url`, `branch_name`, `repo_dir`) without proper validation or sanitization. This can lead to command injection if an attacker provides malicious input. Specifically, the following lines are vulnerable:
       - `subprocess.Popen(cmd, **kwargs)` in the `execute_cmd` function.
       - `subprocess.run([""git"", ""ls-remote"", ""--heads"", ""--"", self.git_url], ...)` and similar lines in `branch_exists` and `resolve_default_branch` methods.
       - `subprocess.check_output(['git', 'ls-files', '--deleted', '-z'], cwd=self.repo_dir)` and similar lines in `reset_deleted_files`, `find_upstream_changed`, and `repo_is_dirty` methods.

   - **Improper Handling of File Paths**:
     - **Vulnerable Lines**: Lines involving file operations like `os.path.exists`, `os.rename`, and `os.remove`.
     - **Reason**: The code uses file paths derived from user input (`repo_dir`) without validation. This can lead to directory traversal attacks or unintended file modifications if the input is not properly sanitized.

   - **Improper Exception Handling**:
     - **Vulnerable Lines**: Lines involving exception handling in `branch_exists` and `resolve_default_branch`.
     - **Reason**: The code logs exceptions and raises a generic `ValueError` without providing specific error details. This can make debugging difficult and may not provide enough information to handle specific errors appropriately.

3. If NO, please tell me the reason.
   - N/A

4. If you are not sure, please tell me the reason.
   - N/A

To mitigate these vulnerabilities, consider validating and sanitizing user inputs, especially those used in shell commands and file operations. Use safer alternatives like `shlex.split` for command arguments and ensure proper exception handling with detailed error messages.","CVE: CVE-2021-39160
CVE Description: nbgitpuller is a Jupyter server extension to sync a git repository one-way to a local path. Due to unsanitized input, visiting maliciously crafted links could result in arbitrary code execution in the user environment. This has been resolved in version 0.10.2 and all users are advised to upgrade. No work around exist for users who can not upgrade.
CWE: ['CWE-94', 'CWE-78']
CWE Description: 
",4.0,1131.0,7.0,0.7642710208892822
24___init__.py,"1. Whether the code is vulnerable or not. Tell me YES or NO.

   NO

3. If NO, please tell me the reason.

   The provided code is a segment of the IPython project, which is a well-maintained and widely used open-source project. The code primarily consists of import statements, version checks, and function definitions for embedding and starting IPython kernels. There are no apparent security vulnerabilities in this code segment. The code does not handle user input directly, perform file operations, or execute system commands, which are common areas where vulnerabilities might be introduced. Additionally, the code includes a version check to ensure compatibility with supported Python versions, which is a good practice for maintaining security and stability. The presence of patched CVEs indicates that the project maintains awareness of security issues and addresses them.","CVE: CVE-2023-24816
CVE Description: IPython (Interactive Python) is a command shell for interactive computing in multiple programming languages, originally developed for the Python programming language. Versions prior to 8.1.0 are subject to a command injection vulnerability with very specific prerequisites. This vulnerability requires that the function `IPython.utils.terminal.set_term_title` be called on Windows in a Python environment where ctypes is not available. The dependency on `ctypes` in `IPython.utils._process_win32` prevents the vulnerable code from ever being reached in the ipython binary. However, as a library that could be used by another tool `set_term_title` could be called and hence introduce a vulnerability. Should an attacker get untrusted input to an instance of this function they would be able to inject shell commands as current process and limited to the scope of the current process. Users of ipython as a library are advised to upgrade. Users unable to upgrade should ensure that any calls to the `IPython.utils.terminal.set_term_title` function are done with trusted or filtered input.
CWE: ['CWE-20', 'CWE-78']
CWE Description: 
",1.0,963.0,7.0,0.7653079032897949
25__mlflow_pyfunc_backend_predict.py,"1. Whether the code is vulnerable or not. Tell me YES or NO.

   YES

2. If YES, please list the vulnerabilities type, the vulnerable lines, and the reason.

   - Vulnerability Type: Insecure Deserialization
     - Vulnerable Lines: The vulnerability is not directly visible in the provided code snippet, but it is related to the use of `_predict` from `mlflow.pyfunc.scoring_server`.
     - Reason: The `_predict` function in MLflow's scoring server can potentially be vulnerable to insecure deserialization if it processes untrusted input data. If the input data is not properly validated or sanitized, it could lead to code execution vulnerabilities.

   - Vulnerability Type: Lack of Input Validation
     - Vulnerable Lines: Lines involving `args.model_uri`, `args.input_path`, `args.output_path`, and `args.content_type`.
     - Reason: The code does not perform any validation or sanitization on the command-line arguments before passing them to the `_predict` function. This could lead to issues if the inputs are not as expected, potentially causing errors or unexpected behavior.

3. If NO, please tell me the reason.

   N/A

4. If you are not sure, please tell me the reason.

   N/A","CVE: CVE-2023-4033
CVE Description: OS Command Injection in GitHub repository mlflow/mlflow prior to 2.6.0.
CWE: ['CWE-78']
CWE Description: 
",2.0,881.0,7.0,0.9354054927825928
26_apkleaks.py,"1. Whether the code is vulnerable or not. Tell me YES or NO.
   - YES

2. If YES, please list the vulnerabilities type, the vulnerable lines, and the reason.

   - **Command Injection**:
     - **Vulnerable Line**: `comm = ""%s"" % ("" "".join(quote(arg) for arg in args))` and `os.system(comm)`
     - **Reason**: The code constructs a command string using user-controlled input and executes it using `os.system()`. Although `quote()` is used to escape arguments, using `os.system()` with user input can still be risky if not handled properly. It's better to use `subprocess.run()` with a list of arguments to avoid shell injection vulnerabilities.

   - **Insecure Download**:
     - **Vulnerable Line**: `with closing(urlopen(exter)) as jadx:`
     - **Reason**: The code downloads a file from a URL over HTTP without verifying the integrity of the downloaded file. This can lead to man-in-the-middle attacks where an attacker could intercept and modify the file being downloaded.

   - **Improper File Permissions**:
     - **Vulnerable Line**: `os.chmod(self.jadx, 33268)`
     - **Reason**: The code sets file permissions using a numeric mode directly, which can lead to overly permissive settings. It's better to use symbolic constants from the `stat` module to ensure the correct permissions are set.

   - **Race Condition**:
     - **Vulnerable Line**: `output = open(self.output, ""a+"")`
     - **Reason**: The code opens a file for appending without proper locking mechanisms, which can lead to race conditions if multiple threads or processes attempt to write to the file simultaneously.

3. If NO, please tell me the reason.
   - N/A

4. If you are not sure, please tell me the reason.
   - N/A

To mitigate these vulnerabilities, consider using `subprocess.run()` for executing commands, verify the integrity of downloaded files (e.g., using checksums), use symbolic constants for file permissions, and implement file locking mechanisms when writing to files in a multi-threaded environment.","CVE: CVE-2021-21386
CVE Description: APKLeaks is an open-source project for scanning APK file for URIs, endpoints & secrets. APKLeaks prior to v2.0.3 allows remote attackers to execute arbitrary OS commands via package name inside application manifest. An attacker could include arguments that allow unintended commands or code to be executed, allow sensitive data to be read or modified or could cause other unintended behavior through malicious package name. The problem is fixed in version v2.0.6-dev and above.
CWE: ['CWE-88', 'CWE-78']
CWE Description: 
",2.0,1148.0,7.0,0.8425941467285156
27_basic_ldap.py,"1. Whether the code is vulnerable or not. Tell me YES or NO.
   - YES

2. If YES, please list the vulnerabilities type, the vulnerable lines, and the reason.

   - **LDAP Injection**: 
     - Vulnerable Lines: Lines involving `l.search_s` and `l.search`.
     - Reason: The code constructs LDAP queries using user input without proper sanitization or escaping. This can lead to LDAP injection attacks where an attacker can manipulate the LDAP query to access unauthorized data.

   - **Improper Error Handling**:
     - Vulnerable Lines: The `except Exception as e` blocks.
     - Reason: Catching broad exceptions can mask different types of errors, including those that might indicate security issues. It is better to handle specific exceptions.

   - **Insecure Configuration**:
     - Vulnerable Lines: `ldap.set_option(ldap.OPT_X_TLS_REQUIRE_CERT, ldap.OPT_X_TLS_ALLOW)`
     - Reason: Allowing self-signed certificates can expose the application to man-in-the-middle attacks. It is recommended to use certificates signed by a trusted Certificate Authority (CA).

   - **Information Disclosure**:
     - Vulnerable Lines: Error messages returned in `ApiError`.
     - Reason: Returning detailed error messages can disclose sensitive information about the application's logic and configuration, which can be leveraged by attackers.

   - **Hardcoded Configuration**:
     - Vulnerable Lines: Usage of `current_app.config` for LDAP configuration.
     - Reason: If these configurations are hardcoded or not securely managed, it can lead to security issues. Ensure that sensitive configurations are stored securely.

3. If NO, please tell me the reason.
   - N/A

4. If you are not sure, please tell me the reason.
   - N/A","CVE: CVE-2020-26214
CVE Description: In Alerta before version 8.1.0, users may be able to bypass LDAP authentication if they provide an empty password when Alerta server is configure to use LDAP as the authorization provider. Only deployments where LDAP servers are configured to allow unauthenticated authentication mechanism for anonymous authorization are affected. A fix has been implemented in version 8.1.0 that returns HTTP 401 Unauthorized response for any authentication attempts where the password field is empty. As a workaround LDAP administrators can disallow unauthenticated bind requests by clients.
CWE: ['CWE-287']
CWE Description: 
",2.0,1053.0,7.0,0.7838113307952881
28_basic_auth.py,"1. Whether the code is vulnerable or not. Tell me YES or NO.
   - YES

2. If YES, please list the vulnerabilities type, the vulnerable lines, and the reason.

   - **Insecure Email Verification**: 
     - Vulnerable Lines: `send_email(e.email, 'RACTF - Verify your email', 'verify', url='verify?id={}&secret={}'.format(e.id, z))`
     - Reason: The email verification link is constructed using a predictable pattern (`id` and `secret`). If `secret` is not sufficiently random or unique, it could be guessed or brute-forced, allowing attackers to verify email addresses without access to the actual email.

   - **Timing Attack on Registration**:
     - Vulnerable Lines: `if InviteCode.objects.filter(code=d):`
     - Reason: The code checks for the existence of an invite code before verifying its validity. This can lead to a timing attack where an attacker can determine if an invite code exists based on the response time.

   - **Potential User Enumeration**:
     - Vulnerable Lines: `if not i:`, `if not i.email_verified and not i.is_superuser:`, `if not i.can_login():`
     - Reason: The error messages returned during login attempts can allow attackers to determine if a username exists, if the email is verified, or if the account is allowed to log in, which can be used for user enumeration.

   - **Lack of Rate Limiting**:
     - Vulnerable Lines: Not explicitly shown in the code, but relevant to login and registration methods.
     - Reason: There is no indication of rate limiting on login or registration attempts, which could allow brute force attacks.

3. If NO, please tell me the reason.
   - N/A

4. If you are not sure, please tell me the reason.
   - N/A","CVE: CVE-2021-21329
CVE Description: RATCF is an open-source framework for hosting Cyber-Security Capture the Flag events. In affected versions of RATCF users with multi factor authentication enabled are able to log in without a valid token. This is fixed in commit cebb67b.
CWE: ['CWE-287']
CWE Description: 
",2.0,1017.0,7.0,1.1229989528656006
29_db.py,"1. Whether the code is vulnerable or not. Tell me YES or NO.
   - YES

2. If YES, please list the vulnerabilities type, the vulnerable lines, and the reason.

   - **SQL Injection**:
     - **Vulnerable Lines**: The `get_logs` method, specifically the line where the query is constructed using f-strings.
     - **Reason**: The `get_logs` method constructs SQL queries using f-strings, which can lead to SQL injection if any of the parameters (`table`, `start`, `before`, `end`, `after`, `client_id`, `username`, `type`) are derived from user input. Using f-strings directly in SQL queries without proper sanitization or parameterization can allow attackers to inject malicious SQL code.

   - **Insecure Direct Object References (IDOR)**:
     - **Vulnerable Lines**: Methods like `get_client`, `get_client_info`, `get_logs`, `get_log`, `get_ratelimit`, `get_ban`, etc.
     - **Reason**: These methods retrieve sensitive information based on identifiers like `client_id`, `username`, or `log_id` without verifying the requesting user's permissions. This can allow unauthorized users to access data they should not have access to.

   - **Race Conditions**:
     - **Vulnerable Lines**: The use of `asyncio.Lock` in methods like `client_matches`, `new_client`, `get_client`, `get_client_info`, `reset_token`, `del_client`, `new_session`, `get_expired`, `start_verification`, `get_code`, `end_verification`, `get_logs`, `get_log`, `get_ratelimits`, `get_ratelimit`, `set_ratelimits`, `get_bans`, `get_ban`, `set_bans`, `del_ban`.
     - **Reason**: While the code uses `asyncio.Lock` to prevent concurrent access to the database, the lock is not always used consistently across all database operations. This can lead to race conditions where multiple operations are performed simultaneously, potentially leading to data corruption or inconsistent states.

   - **Hardcoded Debug Mode**:
     - **Vulnerable Lines**: Multiple methods check for `session_id == 0` to enable debug mode.
     - **Reason**: The presence of a hardcoded debug mode that bypasses authentication checks can be exploited if an attacker discovers how to trigger this mode, potentially allowing unauthorized access to the system.

3. If NO, please tell me the reason.
   - N/A

4. If you are not sure, please tell me the reason.
   - N/A","CVE: CVE-2020-26236
CVE Description: In ScratchVerifier before commit a603769, an attacker can hijack the verification process to log into someone else's account on any site that uses ScratchVerifier for logins. A possible exploitation would follow these steps: 1. User starts login process. 2. Attacker attempts login for user, and is given the same verification code. 3. User comments code as part of their normal login. 4. Before user can, attacker completes the login process now that the code is commented. 5. User gets a failed login and attacker now has control of the account. Since commit a603769 starting a login twice will generate different verification codes, causing both user and attacker login to fail. For clients that rely on a clone of ScratchVerifier not hosted by the developers, their users may attempt to finish the login process as soon as possible after commenting the code. There is no reliable way for the attacker to know before the user can finish the process that the user has commented the code, so this vulnerability only really affects those who comment the code and then take several seconds before finishing the login.
CWE: ['CWE-287']
CWE Description: 
",2.0,1341.0,7.0,0.85263991355896
30_common.py,"1. Whether the code is vulnerable or not. Tell me YES or NO.
   - YES

2. If YES, please list the vulnerabilities type, the vulnerable lines, and the reason.
   - **Vulnerability Type**: Use of Deprecated Python 2 Features
     - **Vulnerable Lines**: The entire code is affected by this issue.
     - **Reason**: The code uses `PY2` to check for Python 2 compatibility and uses `long` which is a Python 2 specific type. Python 2 has reached its end of life, and using Python 2 specific features can lead to security vulnerabilities and maintenance issues.

   - **Vulnerability Type**: Potential Integer Overflow
     - **Vulnerable Lines**: Lines involving `long_values` and `long(x)`.
     - **Reason**: The use of `long` for large integers can lead to integer overflow issues if not handled properly, especially when transitioning to Python 3 where `int` handles arbitrary precision.

   - **Vulnerability Type**: Hardcoded Cryptographic Values
     - **Vulnerable Lines**: Lines involving `msg_values`, `auth_codes`, `open_fail_codes`, `disconnect_codes`, `byte_values`, `long_values`, `octal_values`.
     - **Reason**: Hardcoding cryptographic or protocol-specific values can lead to security vulnerabilities if these values are not updated or if they are exposed to unauthorized users.

3. If NO, please tell me the reason.
   - Not applicable.

4. If you are not sure, please tell me the reason.
   - Not applicable. The identified issues are clear based on the provided code.","CVE: CVE-2018-7750
CVE Description: transport.py in the SSH server implementation of Paramiko before 1.17.6, 1.18.x before 1.18.5, 2.0.x before 2.0.8, 2.1.x before 2.1.5, 2.2.x before 2.2.3, 2.3.x before 2.3.2, and 2.4.x before 2.4.1 does not properly check whether authentication is completed before processing other requests, as demonstrated by channel-open. A customized SSH client can simply skip the authentication step.
CWE: ['CWE-287']
CWE Description: 
",2.0,1041.0,7.0,1.2952523231506348
31_test_protocol.py,"1. Whether the code is vulnerable or not. Tell me YES or NO.
   - YES

2. If YES, please list the vulnerabilities type, the vulnerable lines, and the reason.
   - **Hardcoded Credentials**: 
     - Vulnerable Line: `auth_data = [""password"", {}]` in the `setUp` method.
     - Reason: The code contains hardcoded credentials (""password""), which can be a security risk if this code is used in a production environment. Hardcoded credentials can be easily extracted and misused by attackers.

   - **Insecure Protocol Version Handling**:
     - Vulnerable Lines: `self._auth.check_version(""RFB 002.000\n"")` in the `test_check_invalid_version` method.
     - Reason: The code checks for an older version of the RFB protocol (""RFB 002.000\n""), which might be insecure. Using outdated protocol versions can expose the system to known vulnerabilities.

   - **Potential Insecure Security Type Selection**:
     - Vulnerable Lines: `self._auth.select_security_type(""\x01"")` in the `test_select_security_type_none` method.
     - Reason: The code allows the selection of a security type that results in a lost connection (`self._transport._data[1] = True`). This might indicate that the security type ""\x01"" is not handled properly, potentially leading to insecure configurations or denial of service.

3. If NO, please tell me the reason.
   - N/A

4. If you are not sure, please tell me the reason.
   - N/A","CVE: CVE-2022-36436
CVE Description: OSU Open Source Lab VNCAuthProxy through 1.1.1 is affected by an vncap/vnc/protocol.py VNCServerAuthenticator authentication-bypass vulnerability that could allow a malicious actor to gain unauthorized access to a VNC session or to disconnect a legitimate user from a VNC session. A remote attacker with network access to the proxy server could leverage this vulnerability to connect to VNC servers protected by the proxy server without providing any authentication credentials. Exploitation of this issue requires that the proxy server is currently accepting connections for the target VNC server.
CWE: ['CWE-287']
CWE Description: 
",2.0,1046.0,7.0,0.8421816825866699
32_config.py,"1. Whether the code is vulnerable or not. Tell me YES or NO.
   - YES

2. If YES, please list the vulnerabilities type, the vulnerable lines, and the reason.

   - **Hardcoded Sensitive Information**:
     - **Lines**: Multiple lines where `register_str` is used with sensitive defaults.
     - **Reason**: The code contains hardcoded sensitive information such as `admin_token` and LDAP credentials (`password` in the `ldap` group). Hardcoding sensitive information can lead to security vulnerabilities if the code is exposed or accessed by unauthorized users.

   - **Insecure Default Bind Address**:
     - **Lines**: `register_str('bind_host', default='0.0.0.0')`
     - **Reason**: Binding to `0.0.0.0` allows the service to accept connections from any network interface, which can expose the service to the internet if not properly firewalled.

   - **Potential Insecure Logging Configuration**:
     - **Lines**: `cfg.StrOpt('log-config', ...)` and `cfg.StrOpt('log-file', ...)`
     - **Reason**: If the logging configuration file or log files are not properly secured, they can be manipulated or accessed by unauthorized users, potentially exposing sensitive information.

   - **Improper Exception Handling**:
     - **Lines**: `raise RuntimeError(_('Unable to locate specified logging config file: %s') % c.log_config)`
     - **Reason**: The use of `RuntimeError` with formatted strings can lead to information disclosure if the exception message is logged or displayed to users. It is important to ensure that exception messages do not expose sensitive information.

3. If NO, please tell me the reason.
   - N/A

4. If you are not sure, please tell me the reason.
   - N/A","CVE: CVE-2013-2006
CVE Description: OpenStack Identity (Keystone) Grizzly 2013.1.1, when DEBUG mode logging is enabled, logs the (1) admin_token and (2) LDAP password in plaintext, which allows local users to obtain sensitive by reading the log file.
CWE: ['CWE-200']
CWE Description: 
",2.0,1010.0,6.0,0.8398702144622803
33_base.py,"1. Whether the code is vulnerable or not. Tell me YES or NO.
   - YES

2. If YES, please list the vulnerabilities type, the vulnerable lines, and the reason.
   - **CSRF Protection Bypass**: 
     - Vulnerable Line: `@method_decorator(csrf_exempt)`
     - Reason: The `dispatch` method is decorated with `csrf_exempt`, which disables CSRF protection for the entire view. This makes the application vulnerable to Cross-Site Request Forgery (CSRF) attacks, as it allows requests to be processed without verifying the origin.

   - **Insecure Default Configuration**:
     - Vulnerable Lines: Lines related to `warn_auth` and `self.auth_list` initialization.
     - Reason: The code warns about insecure webhook configurations if `self.auth_list` is empty, but it does not enforce any security measures. This means that if the `webhook_authorization` setting is not properly configured, the webhooks are left open to unauthorized access.

   - **Potential Information Disclosure**:
     - Vulnerable Line: `raise AnymailWebhookValidationFailure(""Missing or invalid basic auth in Anymail %s webhook"" % self.esp_name)`
     - Reason: The error message reveals the presence of a webhook and its expected authentication, which could be useful information for an attacker attempting to exploit the system.

3. If NO, please tell me the reason.
   - N/A

4. If you are not sure, please tell me the reason.
   - N/A

To mitigate these vulnerabilities, consider removing the `csrf_exempt` decorator if CSRF protection is necessary, enforce secure default configurations by requiring `webhook_authorization`, and avoid disclosing sensitive information in error messages.","CVE: CVE-2018-6596
CVE Description: webhooks/base.py in Anymail (aka django-anymail) before 1.2.1 is prone to a timing attack vulnerability on the WEBHOOK_AUTHORIZATION secret, which allows remote attackers to post arbitrary e-mail tracking events.
CWE: ['CWE-200']
CWE Description: 
",2.0,1004.0,7.0,0.8221631050109863
34_base.py,"1. Whether the code is vulnerable or not. Tell me YES or NO.
   - YES

2. If YES, please list the vulnerabilities type, the vulnerable lines, and the reason.

   - **Vulnerability Type:** Missing Authentication
     - **Vulnerable Lines:** Lines involving `warn_if_no_basic_auth` and `basic_auth` initialization in `AnyAuthMixin`.
     - **Reason:** The code issues a warning if no basic authentication is set, but it does not enforce authentication. This means that if the user does not configure `WEBHOOK_AUTHORIZATION`, the webhooks remain unprotected and open to unauthorized access.

   - **Vulnerability Type:** CSRF Protection Bypass
     - **Vulnerable Lines:** `@method_decorator(csrf_exempt)` in the `dispatch` method of `AnymailBaseWebhookView`.
     - **Reason:** The use of `csrf_exempt` decorator disables CSRF protection for the webhook view, which could be a security risk if the webhook is accessible from a browser context. However, this is a common practice for API endpoints that are not accessed via a browser.

3. If NO, please tell me the reason.
   - N/A

4. If you are not sure, please tell me the reason.
   - N/A

**Recommendations:**
- Ensure that `WEBHOOK_AUTHORIZATION` is properly configured and enforced to prevent unauthorized access.
- Consider the security implications of using `csrf_exempt` and ensure that the endpoint is not exposed to CSRF attacks, especially if it can be accessed from a browser context.","CVE: CVE-2018-6596
CVE Description: webhooks/base.py in Anymail (aka django-anymail) before 1.2.1 is prone to a timing attack vulnerability on the WEBHOOK_AUTHORIZATION secret, which allows remote attackers to post arbitrary e-mail tracking events.
CWE: ['CWE-200']
CWE Description: 
",4.0,952.0,7.0,1.4457511901855469
35_formats.py,"1. Whether the code is vulnerable or not. Tell me YES or NO.
   - YES

2. If YES, please list the vulnerabilities type, the vulnerable lines, and the reason.

   - **Vulnerability Type**: Import from User-Controlled Path
     - **Vulnerable Lines**: Lines involving `import_module` in the `iter_format_modules` function.
     - **Reason**: The `import_module` function is used to dynamically import modules based on user-controlled input (`lang` and `fmp`). If an attacker can influence the `lang` or `fmp` values, they might be able to import arbitrary modules, leading to code execution vulnerabilities.

   - **Vulnerability Type**: Potential Insecure Use of `mark_safe`
     - **Vulnerable Lines**: Line in the `localize` function where `mark_safe` is used.
     - **Reason**: The `mark_safe` function is used to mark a string as safe for HTML output. If `v` is user-controlled and not properly sanitized, this could lead to cross-site scripting (XSS) vulnerabilities.

3. If NO, please tell me the reason.
   - N/A

4. If you are not sure, please tell me the reason.
   - N/A

To mitigate these vulnerabilities, ensure that any user-controlled input is properly validated and sanitized before being used in dynamic imports or marked as safe for HTML output.","CVE: CVE-2015-8213
CVE Description: The get_format function in utils/formats.py in Django before 1.7.x before 1.7.11, 1.8.x before 1.8.7, and 1.9.x before 1.9rc2 might allow remote attackers to obtain sensitive application secrets via a settings key in place of a date/time format setting, as demonstrated by SECRET_KEY.
CWE: ['CWE-200']
CWE Description: 
",2.0,952.0,7.0,1.1570308208465576
36_test_registration.py,"1. Whether the code is vulnerable or not. Tell me YES or NO.
   - YES

2. If YES, please list the vulnerabilities type, the vulnerable lines, and the reason.

   - **Hardcoded Credentials**: 
     - Lines: 20-24
     - Reason: The dictionary `d` contains hardcoded values for username, email, and other fields. While these are used for testing, in a real-world scenario, hardcoded credentials can lead to security vulnerabilities if they are not properly managed or removed before deployment.

   - **Insecure Direct Object Reference (IDOR)**:
     - Lines: 168-170
     - Reason: The URL manipulation to remove the session ID (`url = url.split('&id=')[0]`) can lead to IDOR vulnerabilities if not properly validated. This could allow attackers to manipulate URLs to access unauthorized resources.

   - **Improper Validation of Email Addresses**:
     - Lines: 276-278
     - Reason: The test for invalid email addresses only checks for a simple error message. If the validation logic is not robust, it could allow invalid or malicious email addresses to be processed.

   - **Potential Open Redirect**:
     - Lines: 380-384
     - Reason: The use of `response['Location']` and its manipulation could lead to open redirect vulnerabilities if the redirect URLs are not properly validated.

3. If NO, please tell me the reason.
   - N/A

4. If you are not sure, please tell me the reason.
   - N/A

Overall, while the code is primarily for testing purposes, it contains patterns that could lead to vulnerabilities if similar logic is used in production without proper validation and security measures.","CVE: CVE-2017-5537
CVE Description: The password reset form in Weblate before 2.10.1 provides different error messages depending on whether the email address is associated with an account, which allows remote attackers to enumerate user accounts via a series of requests.
CWE: ['CWE-200']
CWE Description: 
",2.0,979.0,7.0,1.145641565322876
37_core.py,"1. Whether the code is vulnerable or not. Tell me YES or NO.
   - YES

2. If YES, please list the vulnerabilities type, the vulnerable lines, and the reason.
   - **Vulnerability Type**: Insecure Direct Object Reference (IDOR)
     - **Vulnerable Lines**: Methods like `get_credentials`, `get_credential`, `delete_credential`, `create_credential` do not properly enforce access control checks.
     - **Reason**: The code relies on `_is_admin` and `_assert_identity` for access control, but these checks may not be sufficient to prevent unauthorized access to other users' credentials. The `_assert_owner` method is used in `delete_credential`, but similar checks are not consistently applied across all methods.

   - **Vulnerability Type**: Insufficient Input Validation
     - **Vulnerable Lines**: `check_signature` method
     - **Reason**: The method `check_signature` does not validate the structure of the `credentials` dictionary before accessing its keys. This could lead to KeyError exceptions if the expected keys are missing.

   - **Vulnerability Type**: Potential Information Disclosure
     - **Vulnerable Lines**: Methods like `get_credential` and `get_credentials`
     - **Reason**: These methods may disclose sensitive information if access control checks are bypassed or insufficient. The code should ensure that only authorized users can access this information.

3. If NO, please tell me the reason.
   - N/A

4. If you are not sure, please tell me the reason.
   - N/A","CVE: CVE-2012-5571
CVE Description: OpenStack Keystone Essex (2012.1) and Folsom (2012.2) does not properly handle EC2 tokens when the user role has been removed from a tenant, which allows remote authenticated users to bypass intended authorization restrictions by leveraging a token for the removed user role.
CWE: ['CWE-255']
CWE Description: 
",2.0,982.0,7.0,0.8592424392700195
38_core.py,"1. Whether the code is vulnerable or not. Tell me YES or NO.
   - YES

2. If YES, please list the vulnerabilities type, the vulnerable lines, and the reason.

   - **Vulnerability Type**: Insecure Direct Object Reference (IDOR)
     - **Vulnerable Lines**: Lines involving credential access and deletion, such as `get_credential`, `delete_credential`, and `_get_credentials`.
     - **Reason**: The code checks if the user is an admin or the owner of the credential before allowing access or deletion. However, if the `_is_admin` or `_assert_owner` checks are bypassed or flawed, unauthorized users could potentially access or delete credentials.

   - **Vulnerability Type**: Insufficient Logging and Monitoring
     - **Vulnerable Lines**: Throughout the code, especially in methods like `authenticate`, `create_credential`, `delete_credential`.
     - **Reason**: The code does not include logging for critical operations such as authentication attempts, credential creation, or deletion. This lack of logging can make it difficult to detect unauthorized access or misuse.

   - **Vulnerability Type**: Potential Information Disclosure
     - **Vulnerable Lines**: Methods like `get_credentials` and `get_credential`.
     - **Reason**: If the `_is_admin` or `_assert_identity` checks are bypassed, unauthorized users might be able to retrieve sensitive credential information.

3. If NO, please tell me the reason.
   - N/A

4. If you are not sure, please tell me the reason.
   - N/A

Overall, the code has potential vulnerabilities related to access control and lack of logging, which could be exploited if the checks are not robust or if there are other flaws in the system.","CVE: CVE-2012-5571
CVE Description: OpenStack Keystone Essex (2012.1) and Folsom (2012.2) does not properly handle EC2 tokens when the user role has been removed from a tenant, which allows remote authenticated users to bypass intended authorization restrictions by leveraging a token for the removed user role.
CWE: ['CWE-255']
CWE Description: 
",2.0,999.0,7.0,0.6493663787841797
39_core.py,"1. Whether the code is vulnerable or not. Tell me YES or NO.
   - YES

2. If YES, please list the vulnerabilities type, the vulnerable lines, and the reason.
   - **Vulnerability Type**: Insecure Direct Object Reference (IDOR)
     - **Vulnerable Lines**: Methods like `get_credentials`, `get_credential`, `delete_credential`, etc.
     - **Reason**: The code checks if the user is an admin or if the user is the owner of the credentials. However, the checks rely on the user ID and credential ID passed in the request. If these IDs are predictable or guessable, an attacker could potentially access or delete credentials that do not belong to them by manipulating these IDs.

   - **Vulnerability Type**: Insufficient Signature Validation
     - **Vulnerable Lines**: `check_signature` method
     - **Reason**: The method `check_signature` attempts to validate the signature but does not handle all possible cases robustly. For example, it assumes that if a colon is present in the signature, it is a hostname and port, which might not always be the case. Additionally, the error handling and logging are minimal, which could lead to bypasses or difficulties in tracing issues.

   - **Vulnerability Type**: Lack of Rate Limiting
     - **Vulnerable Lines**: Methods like `authenticate`, `create_credential`, etc.
     - **Reason**: There is no mention of rate limiting for critical operations such as authentication and credential creation. This could lead to brute force attacks or denial of service.

   - **Vulnerability Type**: Potential Information Disclosure
     - **Vulnerable Lines**: Error messages in methods like `authenticate`, `_get_credentials`, etc.
     - **Reason**: The error messages provide specific reasons for failures, such as ""EC2 access key not found"" or ""User not valid for tenant."" These messages can be used by attackers to gain information about the system's state and valid identifiers.

3. If NO, please tell me the reason.
   - N/A

4. If you are not sure, please tell me the reason.
   - N/A","CVE: CVE-2012-5571
CVE Description: OpenStack Keystone Essex (2012.1) and Folsom (2012.2) does not properly handle EC2 tokens when the user role has been removed from a tenant, which allows remote authenticated users to bypass intended authorization restrictions by leveraging a token for the removed user role.
CWE: ['CWE-255']
CWE Description: 
",2.0,1082.0,7.0,1.3464057445526123
40_check_fli_overflow.py,"1. Whether the code is vulnerable or not. Tell me YES or NO.
   - YES

2. If YES, please list the vulnerabilities type, the vulnerable lines, and the reason.
   - Vulnerability Type: Denial of Service (DoS)
     - Vulnerable Lines: `m.load()`
     - Reason: The code opens an image file and loads it into memory without any checks on the file size or content. If the file `fli_overflow.fli` is crafted to be extremely large or maliciously structured, it could consume excessive memory or processing time, leading to a denial of service.

   - Vulnerability Type: Arbitrary File Read
     - Vulnerable Lines: `f = T[0]`, `m = Image.open(f)`
     - Reason: The code reads a file from a predefined path without any validation or sanitization. If an attacker can control the contents of `T`, they could potentially read arbitrary files from the filesystem, leading to information disclosure.

3. If NO, please tell me the reason.
   - N/A

4. If you are not sure, please tell me the reason.
   - N/A","CVE: CVE-2016-0775
CVE Description: Buffer overflow in the ImagingFliDecode function in libImaging/FliDecode.c in Pillow before 3.1.1 allows remote attackers to cause a denial of service (crash) via a crafted FLI file.
CWE: ['CWE-119']
CWE Description: 
",4.0,886.0,7.0,0.8717114925384521
41_test_file_pcd.py,"1. Whether the code is vulnerable or not. Tell me YES or NO.
   - YES

2. If YES, please list the vulnerabilities type, the vulnerable lines, and the reason.
   - Vulnerability Type: Arbitrary File Read
     - Vulnerable Line: `im = Image.open('Tests/images/hopper.pcd')`
     - Reason: The code opens an image file from a fixed path without any validation or sanitization. If the file path is influenced by user input or external sources, it could lead to arbitrary file read vulnerabilities. However, in this specific snippet, the path is hardcoded, which limits the risk unless the code is modified to accept dynamic input.

3. If NO, please tell me the reason.
   - N/A

4. If you are not sure, please tell me the reason.
   - N/A","CVE: CVE-2016-2533
CVE Description: Buffer overflow in the ImagingPcdDecode function in PcdDecode.c in Pillow before 3.1.1 and Python Imaging Library (PIL) 1.1.7 and earlier allows remote attackers to cause a denial of service (crash) via a crafted PhotoCD file.
CWE: ['CWE-119']
CWE Description: 
",2.0,815.0,7.0,0.5471987724304199
42_check_libtiff_segfault.py,"1. Whether the code is vulnerable or not. Tell me YES or NO.
   - YES

2. If YES, please list the vulnerabilities type, the vulnerable lines, and the reason.
   - Vulnerability Type: Use of Global Variables
     - Vulnerable Lines: `global_data = [""Tests/images/libtiff_segfault.tif""]`
     - Reason: The use of a global variable for storing file paths can lead to security issues, especially if the global variable is modified elsewhere in the code. This can lead to unintended file access or manipulation.

   - Vulnerability Type: Insufficient Exception Handling
     - Vulnerable Lines: 
       ```python
       except Exception:
           self.fail(""Should have returned IOError"")
       ```
     - Reason: Catching a broad `Exception` can mask other unexpected errors that are not `IOError`. This can make debugging difficult and potentially hide other issues that should be addressed separately.

3. If NO, please tell me the reason.
   - N/A

4. If you are not sure, please tell me the reason.
   - N/A","CVE: CVE-2016-0740
CVE Description: Buffer overflow in the ImagingLibTiffDecode function in libImaging/TiffDecode.c in Pillow before 3.1.1 allows remote attackers to overwrite memory via a crafted TIFF file.
CWE: ['CWE-119']
CWE Description: 
",2.0,846.0,7.0,0.8635745048522949
43_test_file_pcd.py,"1. Whether the code is vulnerable or not. Tell me YES or NO.
   - YES

2. If YES, please list the vulnerabilities type, the vulnerable lines, and the reason.
   - Vulnerability Type: Arbitrary File Read
   - Vulnerable Line: `img_data = Image.open('Tests/images/hopper.pcd')`
   - Reason: The code uses `Image.open()` to open a file without validating the file path or ensuring that the file is a legitimate image file. If the file path is user-controlled or can be influenced by an attacker, this could lead to arbitrary file read vulnerabilities, where an attacker could potentially read any file on the filesystem that the application has access to.

3. If NO, please tell me the reason.
   - N/A

4. If you are not sure, please tell me the reason.
   - N/A","CVE: CVE-2016-2533
CVE Description: Buffer overflow in the ImagingPcdDecode function in PcdDecode.c in Pillow before 3.1.1 and Python Imaging Library (PIL) 1.1.7 and earlier allows remote attackers to cause a denial of service (crash) via a crafted PhotoCD file.
CWE: ['CWE-119']
CWE Description: 
",2.0,819.0,6.0,1.0270545482635498
44_config.py,"1. Whether the code is vulnerable or not. Tell me YES or NO.
   - YES

2. If YES, please list the vulnerabilities type, the vulnerable lines, and the reason.

   - **Hardcoded Credentials**:
     - **Lines**: 
       - `register_str('admin_token', default='ADMIN')`
       - `register_str('password', group='ldap', default='freeipa4all')`
     - **Reason**: Hardcoding sensitive information such as tokens and passwords in the source code can lead to security vulnerabilities if the code is exposed or accessed by unauthorized users.

   - **Insecure Default Bind Address**:
     - **Line**: `register_str('bind_host', default='0.0.0.0')`
     - **Reason**: Binding to all network interfaces (`0.0.0.0`) can expose the service to the entire network, potentially allowing unauthorized access. It is generally safer to bind to a specific interface or use a more restrictive configuration.

   - **Insecure Default SQL Connection String**:
     - **Line**: `register_str('connection', group='sql', default='sqlite:///keystone.db')`
     - **Reason**: Using SQLite for production environments can be insecure due to its limitations in handling concurrent writes and lack of advanced security features compared to other databases like PostgreSQL or MySQL.

   - **Potential Insecure Logging Configuration**:
     - **Lines**: 
       - `if c.log_config:`
       - `logging.config.fileConfig(c.log_config)`
     - **Reason**: If the logging configuration file (`c.log_config`) is not properly secured, it could be modified by an attacker to change logging behavior, potentially suppressing security-relevant logs or redirecting logs to unauthorized locations.

3. If NO, please tell me the reason.
   - N/A

4. If you are not sure, please tell me the reason.
   - N/A","CVE: CVE-2013-0270
CVE Description: OpenStack Keystone Grizzly before 2013.1, Folsom, and possibly earlier allows remote attackers to cause a denial of service (CPU and memory consumption) via a large HTTP request, as demonstrated by a long tenant_name when requesting a token.
CWE: ['CWE-119']
CWE Description: 
",2.0,1027.0,7.0,0.6536462306976318
45_handlers.py,"1. Whether the code is vulnerable or not. Tell me YES or NO.
   - YES

2. If YES, please list the vulnerabilities type, the vulnerable lines, and the reason.

   - **Cross-Site Scripting (XSS):**
     - **Vulnerable Lines:** The `render_template` method in the `IPythonHandler` class.
     - **Reason:** The method uses Jinja2 templates to render HTML content. If user input is not properly sanitized before being passed to the template, it could lead to XSS vulnerabilities.

   - **Cross-Origin Resource Sharing (CORS) Misconfiguration:**
     - **Vulnerable Lines:** The `set_default_headers` method in the `IPythonHandler` class.
     - **Reason:** The method sets the `Access-Control-Allow-Origin` header based on the `allow_origin` or `allow_origin_pat` settings. If these settings are not properly configured, it could allow unauthorized domains to access resources, leading to potential data leaks.

   - **Insecure Cookie Handling:**
     - **Vulnerable Lines:** The `get_current_user` method in the `AuthenticatedHandler` class.
     - **Reason:** The method retrieves the user ID from a secure cookie but does not handle the case where the cookie might be tampered with or missing. This could lead to unauthorized access if the cookie is not properly validated.

   - **Information Disclosure:**
     - **Vulnerable Lines:** The `json_errors` decorator.
     - **Reason:** When an exception occurs, the decorator logs the traceback and includes it in the JSON response. This could disclose sensitive information about the server's internals to an attacker.

   - **Improper Error Handling:**
     - **Vulnerable Lines:** The `write_error` method in the `IPythonHandler` class.
     - **Reason:** The method attempts to render an error template based on the status code. If the template is not found, it defaults to a generic error template, which might not provide sufficient information to the user about the error.

3. If NO, please tell me the reason.
   - N/A

4. If you are not sure, please tell me the reason.
   - N/A","CVE: CVE-2015-4707
CVE Description: Cross-site scripting (XSS) vulnerability in IPython before 3.2 allows remote attackers to inject arbitrary web script or HTML via vectors involving JSON error messages and the /api/notebooks path.
CWE: ['CWE-79']
CWE Description: 
",4.0,1076.0,7.0,0.9168391227722168
46_endpoints.py,"1. Whether the code is vulnerable or not. Tell me YES or NO.
   - YES

2. If YES, please list the vulnerabilities type, the vulnerable lines, and the reason.

   - **Global Mutable State**:
     - Vulnerable Lines: Lines involving `_nameservers` (e.g., `global _nameservers`, `_nameservers = current_app.config['RESOLVERS']`)
     - Reason: The use of a global mutable variable `_nameservers` can lead to race conditions and unexpected behavior in a multi-threaded environment like Flask. Each request could potentially modify this global state, leading to unpredictable results.

   - **Improper Exception Handling**:
     - Vulnerable Lines: The `except Exception as e:` blocks in both `LookupRecordType.get` and `ReverseLookup.get` methods.
     - Reason: Catching the base `Exception` class can mask other unexpected errors and make debugging difficult. It is better to catch specific exceptions.

   - **Potential Information Disclosure**:
     - Vulnerable Lines: Logging of `request.remote_addr` in `LookupRecordType.get`.
     - Reason: Logging sensitive information such as IP addresses can lead to information disclosure if logs are accessed by unauthorized users.

   - **Insecure DNS Query**:
     - Vulnerable Lines: `dns_resolver.query(...)` in both `LookupRecordType.get` and `ReverseLookup.get`.
     - Reason: If `dns_resolver` is not properly configured to prevent DNS rebinding attacks or other DNS-based attacks, it could be exploited. Ensure that the DNS resolver is securely configured.

3. If NO, please tell me the reason.
   - N/A

4. If you are not sure, please tell me the reason.
   - N/A","CVE: CVE-2015-10010
CVE Description: A vulnerability was found in OpenDNS OpenResolve. It has been rated as problematic. Affected by this issue is the function get of the file resolverapi/endpoints.py of the component API. The manipulation leads to cross site scripting. The attack may be launched remotely. The complexity of an attack is rather high. The exploitation is known to be difficult. The name of the patch is c680170d5583cd9342fe1af43001fe8b2b8004dd. It is recommended to apply a patch to fix this issue. The identifier of this vulnerability is VDB-217196.
CWE: ['CWE-79']
CWE Description: 
",2.0,1065.0,7.0,1.188152313232422
47_oauth_auth.py,"1. Whether the code is vulnerable or not. Tell me YES or NO.
   - YES

2. If YES, please list the vulnerabilities type, the vulnerable lines, and the reason.

   - **Open Redirect Vulnerability**:
     - **Vulnerable Lines**: Lines involving `flask_session[""next""]` and `redirect(next_url)`.
     - **Reason**: The `next` parameter from the session is used directly in a redirect without validation. An attacker could manipulate this parameter to redirect users to a malicious site.

   - **Improper Error Handling**:
     - **Vulnerable Lines**: `except AuthenticationError as e: LOG.error(""Failed authenticate oauth user"", e)`
     - **Reason**: The error logging here might expose sensitive information if the exception `e` contains sensitive data. It's better to log a generic error message.

   - **Lack of CSRF Protection**:
     - **Vulnerable Lines**: The OAuth flow does not include CSRF protection mechanisms.
     - **Reason**: OAuth flows should include state parameters to protect against CSRF attacks. The code does not implement this, making it vulnerable to CSRF attacks.

   - **Insecure Token Handling**:
     - **Vulnerable Lines**: `return response[""access_token""]`
     - **Reason**: The access token is fetched and returned without any additional security measures like encryption or secure storage. This could lead to token leakage.

3. If NO, please tell me the reason.
   - N/A

4. If you are not sure, please tell me the reason.
   - N/A","CVE: CVE-2022-46151
CVE Description: Querybook is an open source data querying UI. In affected versions user provided data is not escaped in the error field of the auth callback url in `querybook/server/app/auth/oauth_auth.py` and `querybook/server/app/auth/okta_auth.py`. This may allow attackers to perform reflected cross site scripting (XSS) if Content Security Policy (CSP) is not enabled or `unsafe-inline` is allowed. Users are advised to upgrade to the latest, patched version of querybook (version 3.14.2 or greater). Users unable to upgrade may enable CSP and not allow unsafe-inline or manually escape query parameters in a reverse proxy.
CWE: ['CWE-79']
CWE Description: 
",2.0,1055.0,7.0,0.818688154220581
48_tables.py,"1. Whether the code is vulnerable or not. Tell me YES or NO.
   - YES

2. If YES, please list the vulnerabilities type, the vulnerable lines, and the reason.

   - **Vulnerability Type**: Insecure Direct Object Reference (IDOR)
     - **Vulnerable Lines**: `def delete(self, r, o): a.nova.aggregate_delete(r, o)`
     - **Reason**: The `delete` method in the `DeleteAggregateAction` class directly uses the object identifier `o` to delete an aggregate without any access control checks. This could allow unauthorized users to delete aggregates if they can guess or manipulate the object identifier.

   - **Vulnerability Type**: Potential Information Disclosure
     - **Vulnerable Lines**: `def get_metadata(a): return [' = '.join([b, c]) for b, c in a.metadata.iteritems()]`
     - **Reason**: The `get_metadata` function directly accesses and returns metadata information. If this metadata contains sensitive information, it could be exposed to unauthorized users.

   - **Vulnerability Type**: Lack of Input Validation
     - **Vulnerable Lines**: `def filter(self, t, a, f): x = f.lower()`
     - **Reason**: The `filter` method in both `AggregateFilterAction` and `AvailabilityZoneFilterAction` classes does not validate or sanitize the input `f` before using it. This could lead to potential injection attacks if the input is not properly handled elsewhere.

3. If NO, please tell me the reason.
   - N/A

4. If you are not sure, please tell me the reason.
   - N/A","CVE: CVE-2014-125070
CVE Description: A vulnerability has been found in yanheven console and classified as problematic. Affected by this vulnerability is the function get_zone_hosts/AvailabilityZonesTable of the file openstack_dashboard/dashboards/admin/aggregates/tables.py. The manipulation leads to cross site scripting. The attack can be launched remotely. The patch is named ba908ae88d5925f4f6783eb234cc4ea95017472b. It is recommended to apply a patch to fix this issue. The associated identifier of this vulnerability is VDB-217651.
CWE: ['CWE-79']
CWE Description: 
",2.0,1056.0,7.0,1.124746799468994
49_admin.py,"1. Whether the code is vulnerable or not. Tell me YES or NO.
   - YES

2. If YES, please list the vulnerabilities type, the vulnerable lines, and the reason.
   - Vulnerability Type: CSV Injection
   - Vulnerable Lines: The vulnerability is addressed in the code, but the implementation might not be comprehensive enough.
   - Reason: The code attempts to prevent CSV injection by stripping illegal leading characters from strings. However, the list of illegal characters might not be exhaustive. For example, some spreadsheet applications might interpret other characters or combinations as formulas. Additionally, the code does not handle cases where a malicious user might use whitespace or other characters to bypass this check. It is crucial to ensure that all potential vectors for CSV injection are considered and mitigated.

3. If NO, please tell me the reason.
   - N/A

4. If you are not sure, please tell me the reason.
   - N/A","CVE: CVE-2022-2113
CVE Description: Cross-site Scripting (XSS) - Stored in GitHub repository inventree/inventree prior to 0.7.2.
CWE: ['CWE-79']
CWE Description: 
",2.0,803.0,7.0,1.1255483627319336
50_util.py,"1. Whether the code is vulnerable or not. Tell me YES or NO.
   - YES

2. If YES, please list the vulnerabilities type, the vulnerable lines, and the reason.

   - **Insecure URL Handling**:
     - **Vulnerable Line**: `def load_json_url(url): return json.loads(urlopen(url).read())`
     - **Reason**: The `load_json_url` function fetches data from a URL without validating or sanitizing the input URL. This can lead to Server-Side Request Forgery (SSRF) attacks, where an attacker can manipulate the URL to access internal services or sensitive data.

   - **Insecure YAML Loading**:
     - **Vulnerable Line**: `def load_yaml(yaml_str): return yaml.safe_load(yaml_str)`
     - **Reason**: Although `yaml.safe_load` is used, which is generally safe, if the input `yaml_str` is not controlled or sanitized, it could still potentially lead to issues if the input is maliciously crafted. However, this is a lower risk compared to `yaml.load`.

   - **Insecure File Handling**:
     - **Vulnerable Lines**: 
       - `def load_jsonf(fpath, encoding): with codecs.open(fpath, encoding=encoding) as f: return json.load(f)`
       - `def load_yamlf(fpath, encoding): with codecs.open(fpath, encoding=encoding) as f: return yaml.safe_load(f)`
       - `def load_csvf(fpath, fieldnames, encoding): with open(fpath, mode='r', encoding=encoding) as f: ...`
       - `def save_csvf(data: list, fieldnames: Sequence[str], fpath: str, encoding: str, with_header=False, crlf=False) -> str: with codecs.open(fpath, mode='w', encoding=encoding) as f: ...`
       - `def save_yamlf(data: Union[list, dict], fpath: str, encoding: str) -> str: with codecs.open(fpath, mode='w', encoding=encoding) as f: ...`
     - **Reason**: These functions handle file paths directly from input parameters without validation or sanitization. This can lead to path traversal vulnerabilities if an attacker can control the `fpath` parameter, potentially allowing them to read or write arbitrary files on the filesystem.

3. If NO, please tell me the reason.
   - N/A

4. If you are not sure, please tell me the reason.
   - N/A","CVE: CVE-2017-16618
CVE Description: An exploitable vulnerability exists in the YAML loading functionality of util.py in OwlMixin before 2.0.0a12. A ""Load YAML"" string or file (aka load_yaml or load_yamlf) can execute arbitrary Python commands resulting in command execution because load is used where safe_load should have been used. An attacker can insert Python into loaded YAML to trigger this vulnerability.
CWE: ['CWE-77', 'NVD-CWE-noinfo']
CWE Description: 
",2.0,1209.0,7.0,0.9360804557800292
51_guibase.py,"1. Whether the code is vulnerable or not. Tell me YES or NO.
   - YES

2. If YES, please list the vulnerabilities type, the vulnerable lines, and the reason.

   - **Command Injection**:
     - **Vulnerable Lines**: Lines involving `os.execv(""/bin/sh"", [""/bin/sh"", ""-c"", _path])` and `subprocess.check_output(_argv).decode()`.
     - **Reason**: The code constructs shell commands using user input without proper sanitization. This can lead to command injection if an attacker can control parts of the command string. Specifically, the use of `os.execv` with a shell command and `subprocess.check_output` with user-controlled arguments can be exploited if not properly sanitized.

   - **Insecure Temporary File Handling**:
     - **Vulnerable Lines**: Lines involving `tempfile.mkdtemp(prefix=""canto-"")` and `tempfile.mkstemp(text=True)`.
     - **Reason**: The use of temporary files without proper permissions or cleanup can lead to security issues such as race conditions or unauthorized access to sensitive data. Although `tempfile` is generally safe, the code should ensure that temporary files are securely handled and removed.

   - **Improper Input Validation**:
     - **Vulnerable Lines**: Lines involving `eval(_val)`.
     - **Reason**: The use of `eval` on user input can lead to code execution vulnerabilities. If an attacker can control the input to `eval`, they can execute arbitrary code.

3. If NO, please tell me the reason.
   - N/A

4. If you are not sure, please tell me the reason.
   - N/A

Overall, the code has several security vulnerabilities related to command execution and input handling that need to be addressed to ensure safe operation.","CVE: CVE-2013-7416
CVE Description: canto_curses/guibase.py in Canto Curses before 0.9.0 allows remote feed servers to execute arbitrary commands via shell metacharacters in a URL in a feed.
CWE: ['CWE-77']
CWE Description: 
",4.0,1016.0,7.0,0.7981886863708496
52___version__.py,"1. Whether the code is vulnerable or not. Tell me YES or NO.
   - NO

3. If NO, please tell me the reason.
   - The provided code is not vulnerable. It simply defines a version number using three variables (`v0`, `v1`, `v2`) and concatenates them into a string with periods in between. The `version` function returns this version string. There are no operations in this code that involve user input, external data, or any other potentially dangerous operations that could lead to security vulnerabilities.","CVE: CVE-2021-32849
CVE Description: Gerapy is a distributed crawler management framework. Prior to version 0.9.9, an authenticated user could execute arbitrary commands. This issue is fixed in version 0.9.9. There are no known workarounds.
CWE: ['CWE-77']
CWE Description: 
",1.0,761.0,7.0,0.8732383251190186
53_config.py,"1. Whether the code is vulnerable or not. Tell me YES or NO.
   - YES

2. If YES, please list the vulnerabilities type, the vulnerable lines, and the reason.

   - **Insecure File Handling**:
     - Vulnerable Lines: Lines involving `open(path, 'r')` in the `Configuration.load` method.
     - Reason: The code reads configuration files from predefined paths without validating the file's integrity or ensuring it is not tampered with. This could lead to security issues if an attacker can place a malicious file at one of these paths.

   - **Improper Error Handling**:
     - Vulnerable Lines: The `get` method and `__getitem__` method.
     - Reason: The `get` method catches `KeyError` and `ImproperlyConfigured` exceptions but does not log or handle them in a way that provides feedback or security auditing. This could lead to silent failures or misconfigurations being unnoticed.

3. If NO, please tell me the reason.
   - N/A

4. If you are not sure, please tell me the reason.
   - N/A

To improve the security of this code, consider implementing file integrity checks, such as verifying file hashes or using digital signatures, before loading configuration files. Additionally, improve error handling by logging exceptions and providing more informative error messages.","CVE: CVE-2017-16763
CVE Description: An exploitable vulnerability exists in the YAML parsing functionality in config.py in Confire 0.2.0. Due to the user-specific configuration being loaded from ""~/.confire.yaml"" using the yaml.load function, a YAML parser can execute arbitrary Python commands resulting in command execution. An attacker can insert Python into loaded YAML to trigger this vulnerability.
CWE: ['CWE-77', 'NVD-CWE-noinfo']
CWE Description: 
",2.0,941.0,7.0,0.6642529964447021
54_allow_execmod.py,"1. Whether the code is vulnerable or not. Tell me YES or NO.
   - YES

2. If YES, please list the vulnerabilities type, the vulnerable lines, and the reason.

   - **Command Injection**:
     - **Vulnerable Lines**: Lines involving `subprocess.Popen` in the `analyze` method.
     - **Reason**: The code uses `subprocess.Popen` to execute shell commands with user-controlled input (`avc.tpath`). If `avc.tpath` is not properly sanitized, it could lead to command injection, allowing an attacker to execute arbitrary commands on the system.

   - **Improper Input Validation**:
     - **Vulnerable Lines**: The `analyze` method where `avc.tpath` is used.
     - **Reason**: The code does not validate or sanitize the `avc.tpath` input before using it in a shell command. This could lead to unexpected behavior or security vulnerabilities if the input is maliciously crafted.

3. If NO, please tell me the reason.
   - N/A

4. If you are not sure, please tell me the reason.
   - N/A

**Recommendations**:
- Sanitize and validate all inputs that are used in shell commands to prevent command injection.
- Consider using safer alternatives to `subprocess.Popen` that do not involve shell execution, such as using `subprocess.run` with a list of arguments.","CVE: CVE-2016-4444
CVE Description: The allow_execmod plugin for setroubleshoot before 3.2.23 allows local users to execute arbitrary commands by triggering an execmod SELinux denial with a crafted binary filename, related to the commands.getstatusoutput function.
CWE: ['CWE-77']
CWE Description: 
",2.0,939.0,7.0,0.8135900497436523
55_pathutils.py,"1. Whether the code is vulnerable or not. Tell me YES or NO.
   - YES

2. If YES, please list the vulnerabilities type, the vulnerable lines, and the reason.
   - **Vulnerability Type**: Path Traversal
     - **Vulnerable Lines**: Lines 34-35 in the `sanitize_path` function.
     - **Reason**: The function `sanitize_path` attempts to normalize and sanitize a path by removing components like ""."" and "".."". However, it does not adequately prevent path traversal attacks because it relies on `posixpath.normpath`, which can still allow traversal if not handled correctly. The function should explicitly check for and reject any path components that attempt to traverse directories.

   - **Vulnerability Type**: Inadequate Path Validation
     - **Vulnerable Lines**: Lines 47-57 in the `is_safe_filesystem_path_component` function.
     - **Reason**: The function `is_safe_filesystem_path_component` attempts to determine if a path component is safe, but it does not adequately validate the path components. It checks for empty strings and drive letters but does not handle other potentially unsafe characters or patterns that could lead to security issues.

3. If NO, please tell me the reason.
   - N/A

4. If you are not sure, please tell me the reason.
   - N/A

To mitigate these vulnerabilities, ensure that path components are strictly validated and reject any input that could lead to directory traversal or other unsafe file system operations.","CVE: CVE-2016-1505
CVE Description: The filesystem storage backend in Radicale before 1.1 on Windows allows remote attackers to read or write to arbitrary files via a crafted path, as demonstrated by /c:/file/ignore.
CWE: ['CWE-21']
CWE Description: 
",4.0,929.0,7.0,1.45062518119812
56_carbons.py,"1. Whether the code is vulnerable or not. Tell me YES or NO.
   - YES

2. If YES, please list the vulnerabilities type, the vulnerable lines, and the reason.
   - **Vulnerability Type**: Lack of Authentication/Authorization
     - **Vulnerable Lines**: The entire code, specifically the methods `_handle_carbon_received`, `_handle_carbon_sent`, `enable`, and `disable`.
     - **Reason**: The code does not implement any form of authentication or authorization checks when handling or sending carbon messages. This could allow unauthorized users to enable or disable message carbons or to intercept messages if they can connect to the XMPP server.

   - **Vulnerability Type**: Potential Information Disclosure
     - **Vulnerable Lines**: `_handle_carbon_received`, `_handle_carbon_sent`
     - **Reason**: The methods `_handle_carbon_received` and `_handle_carbon_sent` assume that the `msg['from']` is trustworthy and directly compare it with `self.xmpp.boundjid.bare`. If an attacker can spoof the `from` attribute, they might be able to trigger events or intercept messages.

3. If NO, please tell me the reason.
   - N/A

4. If you are not sure, please tell me the reason.
   - N/A

To mitigate these vulnerabilities, consider implementing proper authentication and authorization checks to ensure that only authorized users can enable or disable message carbons. Additionally, validate and sanitize the `msg['from']` attribute to prevent spoofing attacks.","CVE: CVE-2017-5591
CVE Description: An incorrect implementation of ""XEP-0280: Message Carbons"" in multiple XMPP clients allows a remote attacker to impersonate any user, including contacts, in the vulnerable application's display. This allows for various kinds of social engineering attacks. This CVE is for SleekXMPP up to 1.3.1 and Slixmpp all versions up to 1.2.3, as bundled in poezio (0.8 - 0.10) and other products.
CWE: ['CWE-20', 'CWE-346']
CWE Description: 
",4.0,1024.0,7.0,0.7994217872619629
57_switch.py,"1. Whether the code is vulnerable or not. Tell me YES or NO.
   - YES

2. If YES, please list the vulnerabilities type, the vulnerable lines, and the reason.

   - **Open Redirect Vulnerability**:
     - **Vulnerable Lines**: Lines involving `z` and `redirect(z)`.
     - **Reason**: The code checks if the redirect URL `z` is allowed using `url_has_allowed_host_and_scheme`, but if the check fails, it raises an `Http404` exception. This could potentially be exploited if the allowed hosts are not properly configured, leading to an open redirect vulnerability.

   - **Improper Access Control**:
     - **Vulnerable Lines**: Lines involving `SWITCH_USER_ORIGINAL` and `SWITCH_USER_TARGET`.
     - **Reason**: The functions `SWITCH_USER_ORIGINAL` and `SWITCH_USER_TARGET` are used to check permissions, but the implementation details of these functions are not provided. If these functions do not properly enforce access control, it could lead to privilege escalation or unauthorized access.

   - **Session Fixation**:
     - **Vulnerable Lines**: Lines involving `c.session[""original_user""]`.
     - **Reason**: The code stores the original user information in the session without regenerating the session ID. This could lead to session fixation attacks if an attacker can set the session ID before the user logs in.

3. If NO, please tell me the reason.
   - N/A

4. If you are not sure, please tell me the reason.
   - N/A","CVE: CVE-2021-46898
CVE Description: views/switch.py in django-grappelli (aka Django Grappelli) before 2.15.2 attempts to prevent external redirection with startswith(""/"") but this does not consider a protocol-relative URL (e.g., //example.com) attack.
CWE: ['CWE-601']
CWE Description: 
",2.0,974.0,7.0,0.8679277896881104
58_middlewares.py,"1. Whether the code is vulnerable or not. Tell me YES or NO.
   - YES

2. If YES, please list the vulnerabilities type, the vulnerable lines, and the reason.

   - **Vulnerability Type: Environment Variable Injection**
     - **Vulnerable Line:** `s = [logging.getLogger(__package__), int(os.getenv(""CACHE_MAX_AGE"", ""30""))]`
     - **Reason:** The code retrieves the `CACHE_MAX_AGE` environment variable and converts it to an integer without validating its content. If an attacker can manipulate the environment variable, they could potentially cause a denial of service by setting a very high or negative cache age, or cause the application to crash if the value is not a valid integer.

   - **Vulnerability Type: Open Redirect**
     - **Vulnerable Line:** `return web.HTTPFound('/' + request.path.strip('/'))`
     - **Reason:** The code redirects to a path based on user input (`request.path`). If the input is not properly validated or sanitized, it could lead to an open redirect vulnerability, where an attacker could redirect users to a malicious site.

3. If NO, please tell me the reason.
   - N/A

4. If you are not sure, please tell me the reason.
   - N/A","CVE: CVE-2021-21354
CVE Description: Pollbot is open source software which ""frees its human masters from the toilsome task of polling for the state of things during the Firefox release process."" In Pollbot before version 1.4.4 there is an open redirection vulnerability in the path of ""https://pollbot.services.mozilla.com/"";. An attacker can redirect anyone to malicious sites. To Reproduce type in this URL: ""https://pollbot.services.mozilla.com//evil.com/"";. Affected versions will redirect to that website when you inject a payload like ""//evil.com/"". This is fixed in version 1.4.4.
CWE: ['CWE-601']
CWE Description: 
",2.0,976.0,7.0,0.6069111824035645
59_openforms.py,"1. Whether the code is vulnerable or not. Tell me YES or NO.
   - YES

2. If YES, please list the vulnerabilities type, the vulnerable lines, and the reason.
   - **Open Redirect Vulnerability**:
     - **Vulnerable Line**: The function `get_allowed_redirect_url` is potentially vulnerable.
     - **Reason**: The function `get_allowed_redirect_url` takes multiple URL candidates and returns the first one that passes the `allow_redirect_url` check. If `allow_redirect_url` is not implemented securely, it could allow an attacker to redirect users to a malicious site. The security of this function heavily depends on the implementation of `allow_redirect_url`, which is not provided in the code snippet. If `allow_redirect_url` does not properly validate URLs, it could lead to an open redirect vulnerability.

3. If NO, please tell me the reason.
   - N/A

4. If you are not sure, please tell me the reason.
   - N/A","CVE: CVE-2022-31040
CVE Description: Open Forms is an application for creating and publishing smart forms. Prior to versions 1.0.9 and 1.1.1, the cookie consent page in Open Forms contains an open redirect by injecting a `referer` querystring parameter and failing to validate the value. A malicious actor is able to redirect users to a website under their control, opening them up for phishing attacks. The redirect is initiated by the open forms backend which is a legimate page, making it less obvious to end users they are being redirected to a malicious website. Versions 1.0.9 and 1.1.1 contain patches for this issue. There are no known workarounds avaialble.
CWE: ['CWE-601']
CWE Description: 
",4.0,947.0,7.0,0.7737288475036621
60_websocketproxy.py,"1. Whether the code is vulnerable or not. Tell me YES or NO.

   YES

2. If YES, please list the vulnerabilities type, the vulnerable lines, and the reason.

   - **Insecure Cookie Handling**:
     - **Vulnerable Lines**: Lines involving `Cookie.SimpleCookie()` and `c.load(i)`.
     - **Reason**: The code uses `Cookie.SimpleCookie()` to parse cookies, which does not provide any security features like cookie signing or encryption. This can lead to cookie tampering if not handled properly.

   - **Insecure Origin Validation**:
     - **Vulnerable Lines**: Lines involving `verify_origin_proto` and `self.headers.get('Origin')`.
     - **Reason**: The origin validation logic is based on a simple comparison and does not account for potential spoofing or manipulation of headers. This can lead to Cross-Site WebSocket Hijacking if an attacker can manipulate the `Origin` header.

   - **Potential Information Disclosure**:
     - **Vulnerable Lines**: `self.msg(_('connect info: %s'), si)` and `self.msg(_(""connecting to: %(host)s:%(port)s"") % {'host': h, 'port': p})`.
     - **Reason**: Logging sensitive information such as connection details can lead to information disclosure if logs are accessed by unauthorized users.

   - **Lack of Input Validation**:
     - **Vulnerable Lines**: Lines involving `urlparse.parse_qs` and `urlparse.urlparse`.
     - **Reason**: The code does not perform sufficient validation on the parsed query parameters or URL components, which could lead to injection attacks if malicious input is processed.

   - **Improper Exception Handling**:
     - **Vulnerable Lines**: General exception handling in `new_websocket_client` and `try-except` blocks.
     - **Reason**: Catching broad exceptions without specific handling can mask underlying issues and make debugging difficult. It can also lead to denial of service if exceptions are not handled gracefully.

3. If NO, please tell me the reason.

   N/A

4. If you are not sure, please tell me the reason.

   N/A","CVE: CVE-2021-3654
CVE Description: A vulnerability was found in openstack-nova's console proxy, noVNC. By crafting a malicious URL, noVNC could be made to redirect to any desired URL.
CWE: ['CWE-601']
CWE Description: 
",2.0,1077.0,7.0,0.920646905899048
61_helpers.py,"1. Whether the code is vulnerable or not. Tell me YES or NO.
   - YES

2. If YES, please list the vulnerabilities type, the vulnerable lines, and the reason.

   - **Arbitrary Code Execution**:
     - **Vulnerable Lines**: `exec(user_hooks.read(), globals(), user_locals)` and `exec(user_scraping.read(), globals(), user_locals)`
     - **Reason**: The use of `exec()` to execute code from files (`hooks.py` and `scraping.py`) can lead to arbitrary code execution if an attacker can modify these files. This is because `exec()` will execute any Python code, which could include malicious commands.

   - **Insecure File Permissions**:
     - **Vulnerable Lines**: `with (Path(current_app.config[""INTERNAL_DIR""]) / ""config.yml"").open(""w"") as f:`
     - **Reason**: Writing configuration files without setting secure file permissions can lead to unauthorized access or modification. The code does not specify file permissions when creating or writing to `config.yml`.

   - **Potential Directory Traversal**:
     - **Vulnerable Lines**: `os.makedirs(f""{name}/{name}"")`, `with open(f""{name}/requirements.txt"", ""w"") as fp:`, etc.
     - **Reason**: If `name` is derived from user input and not properly sanitized, it could lead to directory traversal attacks, allowing an attacker to create or overwrite files in unintended directories.

   - **Hardcoded Credentials**:
     - **Vulnerable Lines**: `if i != ""SECRET_KEY"":`
     - **Reason**: The code suggests that `SECRET_KEY` is being handled separately, but it does not show how it is securely managed. Hardcoding sensitive information like secret keys can lead to security issues if the code is exposed.

3. If NO, please tell me the reason.
   - N/A

4. If you are not sure, please tell me the reason.
   - N/A","CVE: CVE-2022-0697
CVE Description: Open Redirect in GitHub repository archivy/archivy prior to 1.7.0.
CWE: ['CWE-601']
CWE Description: 
",2.0,1026.0,7.0,0.8124916553497314
62_serviceHelper.py,"1. Whether the code is vulnerable or not. Tell me YES or NO.
   - YES

2. If YES, please list the vulnerabilities type, the vulnerable lines, and the reason.

   - **Command Injection**:
     - **Vulnerable Lines**: Lines involving `sucmd = ""%s - '%s' -c '%s'"" %(self.miscData[0], user, cmd)` in the `addRule` method.
     - **Reason**: The `sucmd` string is constructed using user input (`cmd` and `user`) without proper sanitization or escaping, which can lead to command injection if an attacker can control these inputs.

   - **Improper Input Validation**:
     - **Vulnerable Lines**: The `_validateCmd` method.
     - **Reason**: The validation logic checks for specific patterns and whitelisted commands but may not cover all edge cases or malicious inputs. The reliance on `startswith` and `split` can be bypassed with crafted inputs.

   - **Insecure File Handling**:
     - **Vulnerable Lines**: Lines involving `with open(UDEV_RULES_PATH % user, 'w') as f:` in the `save` method.
     - **Reason**: The code writes to a file path that includes user input (`user`). If an attacker can control this input, it may lead to arbitrary file writes, potentially overwriting critical system files.

   - **Race Condition**:
     - **Vulnerable Lines**: The `save` and `delete` methods.
     - **Reason**: The code checks for the existence of a file and then performs operations on it. This can lead to a time-of-check to time-of-use (TOCTOU) race condition, where an attacker can manipulate the file between the check and the operation.

3. If NO, please tell me the reason.
   - N/A

4. If you are not sure, please tell me the reason.
   - N/A","CVE: CVE-2017-7572
CVE Description: The _checkPolkitPrivilege function in serviceHelper.py in Back In Time (aka backintime) 1.1.18 and earlier uses a deprecated polkit authorization method (unix-process) that is subject to a race condition (time of check, time of use). With this authorization method, the owner of a process requesting a polkit operation is checked by polkitd via /proc/<pid>/status, by which time the requesting process may have been replaced by a different process with the same PID that has different privileges then the original requester.
CWE: ['CWE-362']
CWE Description: 
",2.0,1117.0,7.0,0.8193027973175049
63_auth.py,"1. Whether the code is vulnerable or not. Tell me YES or NO.
   - YES

2. If YES, please list the vulnerabilities type, the vulnerable lines, and the reason.

   - **Hardcoded Delay for Timing Attack Mitigation**: 
     - **Vulnerable Lines**: `time.sleep(1 + random.random())` in the `is_authenticated` method of the `Auth` class.
     - **Reason**: The use of a fixed delay to mitigate timing attacks is not a robust solution. Attackers can still perform timing attacks by averaging over multiple requests. A better approach would be to use constant-time comparison functions.

   - **Plaintext Password Storage**:
     - **Vulnerable Lines**: The `_plain` method.
     - **Reason**: The `_plain` method compares passwords in plaintext, which is insecure. Passwords should always be hashed and salted before storage and comparison.

   - **SHA-1 Usage**:
     - **Vulnerable Lines**: The `_sha1` and `_ssha` methods.
     - **Reason**: SHA-1 is considered weak due to vulnerabilities that allow for collision attacks. It's recommended to use stronger hashing algorithms like SHA-256 or SHA-3.

   - **Potential Import of Untrusted Modules**:
     - **Vulnerable Lines**: `c = import_module(t).Auth` in the `load` function.
     - **Reason**: Dynamically importing modules based on configuration can lead to security risks if the configuration is not properly validated. This could allow for the execution of untrusted code.

   - **Lack of Input Validation**:
     - **Vulnerable Lines**: Throughout the code, especially in methods like `is_authenticated`.
     - **Reason**: There is no validation or sanitization of user inputs (`u` and `p`), which could lead to injection attacks or other security issues.

3. If NO, please tell me the reason.
   - N/A

4. If you are not sure, please tell me the reason.
   - N/A","CVE: CVE-2017-8342
CVE Description: Radicale before 1.1.2 and 2.x before 2.0.0rc2 is prone to timing oracles and simple brute-force attacks when using the htpasswd authentication method.
CWE: ['CWE-362']
CWE Description: 
",2.0,1064.0,7.0,0.7638912200927734
64_htpasswd.py,"1. Whether the code is vulnerable or not. Tell me YES or NO.
   - YES

2. If YES, please list the vulnerabilities type, the vulnerable lines, and the reason.

   - **Hardcoded Configuration Path**: 
     - Vulnerable Lines: `FILE_ENCRYPT = [os.path.expanduser(config.get(""auth"", ""htpasswd_filename"")), config.get(""auth"", ""htpasswd_encryption"")]`
     - Reason: The code relies on a configuration file for sensitive information like the password file path and encryption method. If the configuration is not properly secured, it could lead to unauthorized access.

   - **Timing Attack**:
     - Vulnerable Lines: `time.sleep(1 + random.random())`
     - Reason: The use of `time.sleep` with a random delay to mitigate timing attacks is not a secure practice. An attacker could still measure the time taken for authentication and potentially deduce valid usernames or passwords.

   - **Use of Deprecated or Weak Hashing Algorithms**:
     - Vulnerable Lines: `_sha1`, `_ssha`, `_crypt`
     - Reason: SHA-1 and crypt are considered weak and deprecated for secure password hashing. They should be replaced with stronger algorithms like bcrypt or Argon2.

   - **Lack of Input Validation**:
     - Vulnerable Lines: `info = sl.split("":"")`
     - Reason: The code does not validate the input from the password file. Malformed lines could cause unexpected behavior or errors.

   - **Potential Import Errors**:
     - Vulnerable Lines: `from passlib.hash import apr_md5_crypt as _passlib_md5apr1`, `from passlib.hash import bcrypt as _passlib_bcrypt`
     - Reason: The code raises a `RuntimeError` if the required modules are not available, which could lead to application crashes. It would be better to handle these errors more gracefully.

3. If NO, please tell me the reason.
   - N/A

4. If you are not sure, please tell me the reason.
   - N/A","CVE: CVE-2017-8342
CVE Description: Radicale before 1.1.2 and 2.x before 2.0.0rc2 is prone to timing oracles and simple brute-force attacks when using the htpasswd authentication method.
CWE: ['CWE-362']
CWE Description: 
",4.0,1051.0,6.0,1.0787768363952637
65_chef.py,"1. Whether the code is vulnerable or not. Tell me YES or NO.
   - YES

2. If YES, please list the vulnerabilities type, the vulnerable lines, and the reason.

   - **Command Injection**:
     - **Vulnerable Lines**: Lines involving `_exec_cmd` function, particularly where `cmd.run_all` is called.
     - **Reason**: The code constructs command strings using user-provided input (`kwargs`) without proper sanitization. This can lead to command injection if an attacker can control the input to the `client` or `solo` functions. The use of `python_shell=False` mitigates some risk, but the construction of the command string itself is still vulnerable.

   - **Insecure Temporary File Creation**:
     - **Vulnerable Lines**: Lines within `_default_logfile` function, particularly where `tempfile.NamedTemporaryFile` is used.
     - **Reason**: The temporary file is created with `delete=False`, which can lead to security issues if the file is not properly secured or cleaned up. This is especially risky on shared systems where other users might access the temporary directory.

3. If NO, please tell me the reason.
   - N/A

4. If you are not sure, please tell me the reason.
   - N/A","CVE: CVE-2015-1839
CVE Description: modules/chef.py in SaltStack before 2014.7.4 does not properly handle files in /tmp.
CWE: ['CWE-19']
CWE Description: 
",2.0,872.0,7.0,0.7425055503845215
66_chef.py,"1. Whether the code is vulnerable or not. Tell me YES or NO.
   - YES

2. If YES, please list the vulnerabilities type, the vulnerable lines, and the reason.

   - **Command Injection**:
     - **Vulnerable Lines**: Lines within the `_exec_cmd` function.
     - **Reason**: The code constructs a command string by concatenating user-supplied input (`kwargs`) directly into the command without proper sanitization or validation. This can lead to command injection if an attacker can control the input to the `client` or `solo` functions, as they can inject arbitrary shell commands.

   - **Improper Handling of Temporary Files**:
     - **Vulnerable Lines**: Lines within the `_default_logfile` function.
     - **Reason**: The use of `tempfile.NamedTemporaryFile` with `delete=False` on Windows creates a temporary file that is not automatically deleted. If the file is not properly managed or deleted later, it can lead to resource exhaustion or security issues if sensitive data is written to the file and not properly secured or deleted.

3. If NO, please tell me the reason.
   - N/A

4. If you are not sure, please tell me the reason.
   - N/A

**Recommendations**:
- For command injection, consider using a list to pass command arguments to the execution function, which helps prevent injection by treating each argument as a separate entity.
- Ensure that any user input is properly validated and sanitized before being used in command execution.
- For temporary files, ensure that they are securely managed and deleted when no longer needed, especially if they contain sensitive information. Consider using context managers to handle file operations safely.","CVE: CVE-2015-1839
CVE Description: modules/chef.py in SaltStack before 2014.7.4 does not properly handle files in /tmp.
CWE: ['CWE-19']
CWE Description: 
",2.0,972.0,7.0,0.7193629741668701
67_serverdensity_device.py,"1. Whether the code is vulnerable or not. Tell me YES or NO.
   - YES

2. If YES, please list the vulnerabilities type, the vulnerable lines, and the reason.

   - **Hardcoded Sensitive Information**:
     - Vulnerable Lines: `params={'token': get_sd_auth('api_token')}`
     - Reason: The code retrieves an API token using `get_sd_auth('api_token')`, which suggests that sensitive information might be stored in a way that could be exposed if the pillar data is not securely managed.

   - **Improper Error Handling**:
     - Vulnerable Lines: Multiple instances where `json.loads(api_response.content)` is used without proper error handling.
     - Reason: If the API response is not valid JSON, it raises a `ValueError`, which is caught and logged, but the error message might not provide enough context for debugging.

   - **Command Injection**:
     - Vulnerable Lines: `cmd='./{filename} -a {account_url} -k {agent_key}'.format(...)`
     - Reason: The `install_agent` function constructs shell commands using string formatting with user-controlled variables (`filename`, `account_url`, `agent_key`). If these variables are not properly sanitized, it could lead to command injection vulnerabilities.

   - **Insecure Temporary File Creation**:
     - Vulnerable Lines: `install_file = tempfile.NamedTemporaryFile(dir=q, suffix='.sh', delete=False)`
     - Reason: The use of `NamedTemporaryFile` with `delete=False` can lead to race conditions and potential security issues if the temporary file is accessed by unauthorized users before it is used.

   - **Lack of SSL/TLS Verification**:
     - Vulnerable Lines: All `requests` calls (e.g., `requests.post`, `requests.delete`, `requests.get`, `requests.put`)
     - Reason: The code does not specify `verify=True` or a specific CA bundle, which means it might not verify SSL/TLS certificates, making it vulnerable to man-in-the-middle attacks.

3. If NO, please tell me the reason.
   - N/A

4. If you are not sure, please tell me the reason.
   - N/A","CVE: CVE-2015-1838
CVE Description: modules/serverdensity_device.py in SaltStack before 2014.7.4 does not properly handle files in /tmp.
CWE: ['CWE-19']
CWE Description: 
",2.0,1063.0,7.0,0.8883435726165771
68_bindings.py,"1. Whether the code is vulnerable or not. Tell me YES or NO.

   YES

2. If YES, please list the vulnerabilities type, the vulnerable lines, and the reason.

   - **Wildcard Import Vulnerability**:
     - **Vulnerable Lines**: Lines 12-17
     - **Reason**: The use of wildcard imports (e.g., `from pulp.bindings.repo_groups import *`) can lead to namespace pollution and makes it difficult to determine which specific classes or functions are being used. This can inadvertently introduce security issues if unexpected or malicious code is imported.

   - **Potential Information Disclosure**:
     - **Vulnerable Lines**: Lines 1-10
     - **Reason**: The code comments include a copyright notice and licensing information, which is generally not a security issue. However, if this code is part of a larger application, ensure that no sensitive information is included in comments or documentation that could be exposed to unauthorized users.

3. If NO, please tell me the reason.

   N/A

4. If you are not sure, please tell me the reason.

   N/A

To mitigate these issues, replace wildcard imports with explicit imports of only the necessary classes or functions. This will improve code readability and maintainability, and reduce the risk of introducing unintended behavior.","CVE: CVE-2015-5263
CVE Description: pulp-consumer-client 2.4.0 through 2.6.3 does not check the server's TLS certificate signatures when retrieving the server's public key upon registration.
CWE: ['CWE-295']
CWE Description: 
",2.0,883.0,7.0,1.9743773937225344
69_client.py,"1. Whether the code is vulnerable or not. Tell me YES or NO.
   - YES

2. If YES, please list the vulnerabilities type, the vulnerable lines, and the reason.

   - **Insecure SSL/TLS Configuration**:
     - **Vulnerable Lines**: Lines involving `SSLContextAdapter` and `PKIConnection` initialization.
     - **Reason**: The code uses `ssl.SSLContext(ssl.PROTOCOL_TLS)` without specifying a minimum version of TLS, which could potentially allow the use of outdated and insecure versions of the protocol. Additionally, the `catch_insecure_warning` decorator suppresses `InsecureRequestWarning`, which can hide potential security issues related to SSL/TLS verification.

   - **Hardcoded Sensitive Information**:
     - **Vulnerable Lines**: `o34.set_authentication_cert('/root/temp4.pem')` in the `main()` function.
     - **Reason**: The path to a certificate is hardcoded, which can lead to security issues if the certificate contains sensitive information and is not properly protected.

   - **Potential Information Disclosure**:
     - **Vulnerable Lines**: Lines where `logger.warning` is used with `inspect.stack()`.
     - **Reason**: Using `inspect.stack()` to log file names and line numbers can potentially disclose sensitive information about the code structure and execution flow, which could be exploited by an attacker.

3. If NO, please tell me the reason.
   - N/A

4. If you are not sure, please tell me the reason.
   - N/A","CVE: CVE-2020-15720
CVE Description: In Dogtag PKI through 10.8.3, the pki.client.PKIConnection class did not enable python-requests certificate validation. Since the verify parameter was hard-coded in all request functions, it was not possible to override the setting. As a result, tools making use of this class, such as the pki-server command, may have been vulnerable to Person-in-the-Middle attacks in certain non-localhost use cases. This is fixed in 10.9.0-b1.
CWE: ['CWE-295']
CWE Description: 
",2.0,1019.0,7.0,0.7882399559020996
70_core_tags.py,"1. Whether the code is vulnerable or not. Tell me YES or NO.
   - YES

2. If YES, please list the vulnerabilities type, the vulnerable lines, and the reason.

   - **Cross-Site Scripting (XSS):**
     - **Vulnerable Lines:** `colorize_level`, `tohtml`, `display_messages`
     - **Reason:** The `colorize_level` and `tohtml` functions return HTML content that includes user-controlled data without proper escaping. The `display_messages` function uses `mark_safe` on potentially user-controlled data (`msgs`), which can lead to XSS if `msgs` contains untrusted input.

   - **Potential Insecure Direct Object Reference (IDOR):**
     - **Vulnerable Lines:** `ConnectedUsers.render`
     - **Reason:** The `ConnectedUsers` class retrieves user IDs from session data and uses them to query the `User` model. If session data is not properly secured, this could potentially expose user information.

   - **Improper Use of `mark_safe`:**
     - **Vulnerable Lines:** `visirule`, `display_messages`
     - **Reason:** The `mark_safe` function is used to mark strings as safe for HTML output, which can lead to XSS if the data is not properly sanitized before being marked as safe.

3. If NO, please tell me the reason.
   - N/A

4. If you are not sure, please tell me the reason.
   - N/A

Overall, the code has several potential security vulnerabilities related to XSS and improper handling of user data. Proper input validation, output encoding, and careful use of functions like `mark_safe` are necessary to mitigate these risks.","CVE: CVE-2023-5690
CVE Description: Cross-Site Request Forgery (CSRF) in GitHub repository modoboa/modoboa prior to 2.2.2.
CWE: ['CWE-352']
CWE Description: 
",2.0,980.0,7.0,0.9245445728302002
71_identity.py,"1. Whether the code is vulnerable or not. Tell me YES or NO.
   - YES

2. If YES, please list the vulnerabilities type, the vulnerable lines, and the reason.

   - **SQL Injection**:
     - Vulnerable Lines: Lines involving `mboxes.extra(...)` in the `list_quotas` function.
     - Reason: The use of `extra()` with raw SQL queries and string interpolation for constructing SQL statements can lead to SQL injection vulnerabilities. The `where` clause is constructed using string interpolation, which can be exploited if user input is not properly sanitized.

   - **Improper Access Control**:
     - Vulnerable Lines: `editaccount` function.
     - Reason: The function checks if the user can access the account using `request.user.can_access(account)`, but if this method is not implemented correctly or is bypassable, it could lead to unauthorized access to edit accounts.

   - **Potential CSRF Vulnerability**:
     - Vulnerable Lines: `delaccount` function.
     - Reason: Although the function is decorated with `@require_http_methods([""POST""])`, there is no explicit CSRF protection mechanism like `@csrf_protect` or `@ensure_csrf_cookie` for this view, which could make it susceptible to CSRF attacks if CSRF middleware is not properly configured.

   - **Missing Error Handling**:
     - Vulnerable Lines: `User.objects.get(pk=pk).delete()` in `delaccount`.
     - Reason: Directly calling `delete()` without handling potential exceptions (e.g., `User.DoesNotExist`) can lead to unhandled exceptions and potentially expose stack traces or other sensitive information.

3. If NO, please tell me the reason.
   - N/A

4. If you are not sure, please tell me the reason.
   - N/A","CVE: CVE-2023-0406
CVE Description: Cross-Site Request Forgery (CSRF) in GitHub repository modoboa/modoboa prior to 2.0.4.
CWE: ['CWE-352']
CWE Description: 
",2.0,981.0,7.0,0.5338692665100098
72_handlers.py,"1. Whether the code is vulnerable or not. Tell me YES or NO.
   - YES

2. If YES, please list the vulnerabilities type, the vulnerable lines, and the reason.

   - **Cross-Site Scripting (XSS):**
     - **Vulnerable Lines:** The `write_error` method in the `IPythonHandler` class.
     - **Reason:** The error message and exception details are directly rendered into HTML without proper escaping. This could allow an attacker to inject malicious scripts if they can control the error message or exception details.

   - **Cross-Origin Resource Sharing (CORS) Misconfiguration:**
     - **Vulnerable Lines:** The `set_default_headers` method in the `IPythonHandler` class.
     - **Reason:** The code allows setting `Access-Control-Allow-Origin` to a specific origin or pattern, but if `allow_origin` is set to `*`, it could allow any website to interact with the API, potentially leading to data leakage.

   - **Insecure Cookie Handling:**
     - **Vulnerable Lines:** The `get_current_user` method in the `AuthenticatedHandler` class.
     - **Reason:** The method uses `get_secure_cookie` but does not check if the cookie is tampered with or expired, which could lead to unauthorized access if the cookie is compromised.

   - **Information Disclosure:**
     - **Vulnerable Lines:** The `json_errors` decorator.
     - **Reason:** The decorator logs and returns detailed error messages and stack traces in JSON format, which could expose sensitive information about the server's internals to an attacker.

   - **Directory Traversal:**
     - **Vulnerable Lines:** The `validate_absolute_path` method in the `FileFindHandler` class.
     - **Reason:** The method does not adequately check if the requested path is within the allowed directories, potentially allowing an attacker to access files outside the intended directory.

3. If NO, please tell me the reason.
   - N/A

4. If you are not sure, please tell me the reason.
   - N/A","CVE: CVE-2015-5607
CVE Description: Cross-site request forgery in the REST API in IPython 2 and 3.
CWE: ['CWE-352']
CWE Description: 
",2.0,1028.0,7.0,1.1483495235443115
73___init__.py,"1. Whether the code is vulnerable or not. Tell me YES or NO.
   - YES

2. If YES, please list the vulnerabilities type, the vulnerable lines, and the reason.

   - **Insecure Configuration**:
     - **Vulnerable Lines**: Lines involving `app.config[""SEARCH_CONF""][""engine""]` and `app.config[""SEARCH_CONF""][""enabled""]`.
     - **Reason**: The code attempts to automatically select a search engine if the configuration is invalid or absent. This can lead to unexpected behavior if the configuration is not explicitly set by the user. It is better to fail securely rather than guessing the configuration.

   - **Potential Denial of Service (DoS)**:
     - **Vulnerable Lines**: The block where `es_client.indices.create` is called.
     - **Reason**: If the Elasticsearch index creation fails for reasons other than it already existing, the exception is caught and logged as if the index already exists. This could mask other issues and potentially lead to repeated attempts to create the index, causing a denial of service.

   - **Improper Error Handling**:
     - **Vulnerable Lines**: The `except RequestError` block.
     - **Reason**: The code only logs that the index already exists without checking the actual cause of the `RequestError`. This could lead to ignoring other critical errors that need attention.

   - **Path Traversal**:
     - **Vulnerable Lines**: `user_dir = Path(app.config[""USER_DIR""])`
     - **Reason**: If `USER_DIR` is derived from user input or an untrusted source, it could lead to path traversal vulnerabilities. Ensure that `USER_DIR` is sanitized and validated.

3. If NO, please tell me the reason.
   - N/A

4. If you are not sure, please tell me the reason.
   - N/A

Overall, the code has several areas where security could be improved, particularly in terms of configuration management and error handling.","CVE: CVE-2021-4162
CVE Description: archivy is vulnerable to Cross-Site Request Forgery (CSRF)
CWE: ['CWE-352']
CWE Description: 
",2.0,1017.0,7.0,0.782156229019165
74_main.py,"1. Whether the code is vulnerable or not. Tell me YES or NO.
   - YES

2. If YES, please list the vulnerabilities type, the vulnerable lines, and the reason.

   - **Hardcoded Secret Key**:
     - Vulnerable Line: `app.secret_key = 'someverysecretkey'`
     - Reason: The secret key is hardcoded in the source code, which can be a security risk if the code is exposed. It should be stored securely, such as in an environment variable.

   - **JWT Token Verification Disabled**:
     - Vulnerable Line: `n = jwt.decode(g[0], verify=False)`
     - Reason: The JWT token is decoded without verification, which means the token's signature is not being checked. This can allow attackers to forge tokens and impersonate users.

   - **CSRF Protection**:
     - Vulnerable Line: `raise Exception(""Possible CSRF detected (state does not match stored state)"")`
     - Reason: While there is a basic check for CSRF using a state parameter, the application raises a generic exception when a CSRF attack is detected. This should be handled more gracefully, and additional CSRF protection mechanisms should be implemented, such as using Flask-WTF CSRF protection.

   - **Debug Mode Enabled**:
     - Vulnerable Line: `app.run(host='0.0.0.0', debug=True)`
     - Reason: Running the application in debug mode can expose sensitive information and should not be used in production environments.

3. If NO, please tell me the reason.
   - N/A

4. If you are not sure, please tell me the reason.
   - N/A","CVE: CVE-2014-125028
CVE Description: A vulnerability was found in valtech IDP Test Client and classified as problematic. Affected by this issue is some unknown functionality of the file python-flask/main.py. The manipulation leads to cross-site request forgery. The attack may be launched remotely. The name of the patch is f1e7b3d431c8681ec46445557125890c14fa295f. It is recommended to apply a patch to fix this issue. The identifier of this vulnerability is VDB-217148.
CWE: ['CWE-352']
CWE Description: 
",2.0,1027.0,7.0,0.9070446491241456
75_core.py,"1. Whether the code is vulnerable or not. Tell me YES or NO.
   - YES

2. If YES, please list the vulnerabilities type, the vulnerable lines, and the reason.

   - **Improper Exception Handling**:
     - **Vulnerable Lines**: Lines where `except:` is used without specifying an exception type.
     - **Reason**: Using a bare `except:` clause can catch unexpected exceptions, including system-exiting exceptions like `KeyboardInterrupt` and `SystemExit`, which can lead to debugging difficulties and unintended behavior. It is better to catch specific exceptions.

   - **Potential Information Disclosure**:
     - **Vulnerable Lines**: Lines where `self.ticket_info_format` is used to format strings with user input.
     - **Reason**: The `ticket_info_format` string is formatted with user-controlled data (`author` and `information`). If these inputs are not properly sanitized, it could lead to information disclosure or formatting issues. Although Python's `str.format()` is generally safe from injection attacks, care should be taken to ensure that user inputs do not contain unexpected or malicious content.

   - **Lack of Permission Checks**:
     - **Vulnerable Lines**: Lines where permissions are set or checked, such as `await tc.set_permissions(...)` and `await c.set_permissions(...)`.
     - **Reason**: The code assumes that the bot has the necessary permissions to set channel permissions and manage roles. If the bot lacks these permissions, it could lead to runtime errors or incomplete operations. Additionally, there is no check to ensure that the user invoking these commands has the appropriate permissions to manage tickets, which could lead to unauthorized access or actions.

   - **Hardcoded Identifiers**:
     - **Vulnerable Lines**: `self.config = Config.get_conf(self, identifier=2134287593)`
     - **Reason**: Using hardcoded identifiers can lead to conflicts if the same identifier is used elsewhere. It is generally better to use a more dynamic or configurable approach to avoid such conflicts.

3. If NO, please tell me the reason.
   - N/A

4. If you are not sure, please tell me the reason.
   - N/A","CVE: CVE-2021-29493
CVE Description: Kennnyshiwa-cogs contains cogs for Red Discordbot. An RCE exploit has been found in the Tickets module of kennnyshiwa-cogs. This exploit allows discord users to craft a message that can reveal sensitive and harmful information. Users can upgrade to version 5a84d60018468e5c0346f7ee74b2b4650a6dade7 to receive a patch or, as a workaround, unload tickets to render the exploit unusable.
CWE: ['CWE-94', 'NVD-CWE-noinfo']
CWE Description: 
",2.0,1153.0,7.0,0.8685855865478516
76_slp_create_token_mint_dialog.py,"1. Whether the code is vulnerable or not. Tell me YES or NO.
   - YES

2. If YES, please list the vulnerabilities type, the vulnerable lines, and the reason.

   - **Improper Input Validation**:
     - **Vulnerable Lines**: Lines involving `self.token_pay_to_e.text()` and `self.token_baton_to_e.text()`.
     - **Reason**: The code does not properly validate the input for the token receiver and baton addresses. If these inputs are not validated, it could lead to incorrect or malicious addresses being used, potentially resulting in loss of tokens.

   - **Lack of Exception Handling**:
     - **Vulnerable Lines**: The `try` block around `slpAddr = data[2].get_unused_address().to_slpaddr()` and other similar blocks.
     - **Reason**: The code uses broad exception handling (`except Exception as e`) without specific handling for different types of exceptions. This can mask errors and make debugging difficult, potentially leading to security issues if exceptions are not properly logged or handled.

   - **Hardcoded Fee Rate**:
     - **Vulnerable Lines**: `desired_fee_rate = 1.0` and `if diff > 0: tx._outputs[-1] = (chg[0], chg[1], chg[2] + diff)`.
     - **Reason**: The fee rate is hardcoded and not dynamically calculated based on network conditions. This could lead to transactions being delayed or rejected if the fee is too low, or excessive fees if the rate is too high.

   - **Potential Integer Overflow**:
     - **Vulnerable Lines**: `if init_mint_qty > (2 ** 64) - 1`.
     - **Reason**: Although there is a check for maximum token quantity, the code does not handle cases where `init_mint_qty` might be negative or improperly formatted, which could lead to unexpected behavior.

3. If NO, please tell me the reason.
   - N/A

4. If you are not sure, please tell me the reason.
   - N/A","CVE: CVE-2020-11014
CVE Description: Electron-Cash-SLP before version 3.6.2 has a vulnerability. All token creators that use the ""Mint Tool"" feature of the Electron Cash SLP Edition are at risk of sending the minting authority baton to the wrong SLP address. Sending the mint baton to the wrong address will give another party the ability to issue new tokens or permanently destroy future minting capability. This is fixed version 3.6.2.
CWE: ['NVD-CWE-noinfo']
CWE Description: 
",2.0,1110.0,7.0,1.3843154907226562
77_serializers.py,"1. Whether the code is vulnerable or not. Tell me YES or NO.
   - YES

2. If YES, please list the vulnerabilities type, the vulnerable lines, and the reason.

   - **Vulnerability Type:** Insecure Deserialization
     - **Vulnerable Lines:** 
       - `return pickle.loads(x)` in the `PickleSerializer` class.
     - **Reason:** The `pickle.loads()` function is used to deserialize data. This can lead to arbitrary code execution if the input data is not trusted, as `pickle` can execute arbitrary code during deserialization.

   - **Vulnerability Type:** Conditional Import Handling
     - **Vulnerable Lines:** 
       - `msgpack = None` and `cbor = None` in the conditional import blocks.
     - **Reason:** If `msgpack` or `cbor2` are not installed, the code sets these modules to `None`. This can lead to runtime errors if the serializers are attempted to be used without checking if the modules are available.

3. If NO, please tell me the reason.
   - N/A

4. If you are not sure, please tell me the reason.
   - N/A","CVE: CVE-2022-35411
CVE Description: rpc.py through 0.6.0 allows Remote Code Execution because an unpickle occurs when the ""serializer: pickle"" HTTP header is sent. In other words, although JSON (not Pickle) is the default data format, an unauthenticated client can cause the data to be processed with unpickle.
CWE: ['CWE-502', 'NVD-CWE-noinfo']
CWE Description: 
",4.0,921.0,7.0,0.8565986156463623
78_safemodels.py,"1. Whether the code is vulnerable or not. Tell me YES or NO.
   - YES

2. If YES, please list the vulnerabilities type, the vulnerable lines, and the reason.
   - **Vulnerability Type**: Improper Handling of Attributes
     - **Vulnerable Lines**: Lines defining `__getattr__` in `SafeMember`, `SafeRole`, and `SafeGuild` classes.
     - **Reason**: The `__getattr__` method in each class returns the instance itself for any attribute that is not explicitly defined. This can lead to unexpected behavior and potential security issues if the code using these classes expects certain attributes to exist or behave in a specific way. It can also lead to infinite recursion if an attribute is accessed that doesn't exist, as it will keep returning the instance itself.

   - **Vulnerability Type**: Potential Information Leakage
     - **Vulnerable Lines**: Lines where member, role, and guild attributes are converted to strings and stored in lists (e.g., `self.data = [a, b, c, d, e, f, g, h, i, j]`).
     - **Reason**: Storing sensitive information such as user IDs, role IDs, and guild IDs in a list without any access control can lead to information leakage if these lists are exposed or logged improperly. This is especially concerning if these objects are serialized or logged without proper sanitization.

3. If NO, please tell me the reason.
   - N/A

4. If you are not sure, please tell me the reason.
   - N/A","CVE: CVE-2021-37697
CVE Description: tmerc-cogs are a collection of open source plugins for the Red Discord bot. A vulnerability has been found in the code that allows any user to access sensitive information by crafting a specific membership event message. Issue is patched in commit d63c49b4cfc30c795336e4fff08cba3795e0fcc0. As a workaround users may unload the Welcome cog.
CWE: ['NVD-CWE-noinfo']
CWE Description: 
",2.0,1009.0,7.0,0.7992277145385742
79_evaluator.py,"1. Whether the code is vulnerable or not. Tell me YES or NO.
   - YES

2. If YES, please list the vulnerabilities type, the vulnerable lines, and the reason.

   - **Vulnerability Type**: Arbitrary Code Execution
     - **Vulnerable Lines**: The `safe_eval` function and the `SafeEvalVisitor` class.
     - **Reason**: The code uses the `ast` module to parse and evaluate expressions. While it attempts to restrict the operations and functions that can be used, it does not fully prevent the execution of arbitrary code. The `ast` module is not inherently safe for evaluating untrusted input, as it can be manipulated to execute arbitrary code if not properly restricted. The `generic_visit` method raises an exception for illegal constructs, but this does not cover all potential attack vectors, especially if new AST node types are introduced in future Python versions.

   - **Vulnerability Type**: Denial of Service (DoS)
     - **Vulnerable Lines**: The `_factorial` function.
     - **Reason**: The `_factorial` function allows computation of factorials for numbers up to 10,000. This can lead to a denial of service if a large number is passed, as computing such large factorials is computationally expensive and can exhaust system resources.

3. If NO, please tell me the reason.
   - Not applicable.

4. If you are not sure, please tell me the reason.
   - Not applicable.","CVE: CVE-2019-19010
CVE Description: Eval injection in the Math plugin of Limnoria (before 2019.11.09) and Supybot (through 2018-05-09) allows remote unprivileged attackers to disclose information or possibly have unspecified other impact via the calc and icalc IRC commands.
CWE: ['CWE-94', 'CWE-20']
CWE Description: 
",2.0,950.0,7.0,1.1438255310058594
80_window.py,"1. Whether the code is vulnerable or not. Tell me YES or NO.
   - YES

2. If YES, please list the vulnerabilities type, the vulnerable lines, and the reason.
   - **Type**: KeyError Exception Handling
     - **Vulnerable Lines**: Lines involving `window_function_register.get('_' + winstr)` in the `get_window` function.
     - **Reason**: The code attempts to retrieve a function from the `window_function_register` dictionary using a key constructed from user input. If the key does not exist, a `KeyError` is raised. Although the code catches this exception and raises a `ValueError`, it does not log or handle the original exception details, which could be useful for debugging.

   - **Type**: NotImplementedError
     - **Vulnerable Lines**: The `_kaiser` function.
     - **Reason**: The `_kaiser` function raises a `NotImplementedError`, which is not handled within the code. If this function is called, it will cause the program to terminate unexpectedly unless the caller handles this exception.

   - **Type**: Input Validation
     - **Vulnerable Lines**: The `get_window` function, particularly when handling the `window` parameter.
     - **Reason**: The code does not validate the contents of the `window` tuple beyond checking its type and length. If the tuple contains unexpected types or values, it could lead to unexpected behavior or errors.

3. If NO, please tell me the reason.
   - N/A

4. If you are not sure, please tell me the reason.
   - N/A","CVE: CVE-2022-45908
CVE Description: In PaddlePaddle before 2.4, paddle.audio.functional.get_window is vulnerable to code injection because it calls eval on a user-supplied winstr. This may lead to arbitrary code execution.
CWE: ['CWE-94']
CWE Description: 
",2.0,970.0,7.0,0.8793048858642578
81_parser.py,"1. Whether the code is vulnerable or not. Tell me YES or NO.
   - YES

2. If YES, please list the vulnerabilities type, the vulnerable lines, and the reason.
   - **Vulnerability Type**: Code Injection
     - **Vulnerable Lines**: The vulnerability is inherent in the design of the `parse` function and the `MongoVisitor` class, particularly in the `visit_Call` method.
     - **Reason**: The code parses and evaluates arbitrary Python expressions using the `ast` module. While `ast` is safer than `eval`, it can still be manipulated to execute unintended operations if the input is not properly sanitized. The `visit_Call` method processes function calls like `ObjectId` and `datetime`, which could potentially be exploited if an attacker can control the input to execute arbitrary code or cause denial of service.

   - **Vulnerability Type**: Improper Input Validation
     - **Vulnerable Lines**: The `visit_Call` method, particularly when handling `ObjectId` and `datetime`.
     - **Reason**: The code attempts to convert input directly into `ObjectId` and `datetime` without sufficient validation or error handling. This could lead to unexpected behavior or errors if the input is not as expected.

3. If NO, please tell me the reason.
   - N/A

4. If you are not sure, please tell me the reason.
   - N/A

**Recommendations**:
- Implement strict input validation and sanitization before parsing expressions.
- Consider using a whitelist approach to only allow specific, safe operations and expressions.
- Add comprehensive error handling to manage unexpected input gracefully.
- Review the necessity of supporting dynamic function calls like `ObjectId` and `datetime` and restrict them if possible.","CVE: CVE-2018-8097
CVE Description: io/mongo/parser.py in Eve (aka pyeve) before 0.7.5 allows remote attackers to execute arbitrary code via Code Injection in the where parameter.
CWE: ['CWE-94']
CWE Description: 
",4.0,991.0,7.0,0.855574369430542
82_misc.py,"1. Whether the code is vulnerable or not. Tell me YES or NO.
   - YES

2. If YES, please list the vulnerabilities type, the vulnerable lines, and the reason.
   - **Vulnerability Type**: Code Injection
     - **Vulnerable Lines**: `def eval_js(script, es6=False):` and `return js_funcs[es6](script)`
     - **Reason**: The `eval_js` function uses `js2py.eval_js` or `js2py.eval_js6` to execute JavaScript code passed as a string in the `script` parameter. If this function is exposed to user input without proper validation or sanitization, it can lead to code injection vulnerabilities, allowing an attacker to execute arbitrary JavaScript code.

3. If NO, please tell me the reason.
   - N/A

4. If you are not sure, please tell me the reason.
   - N/A","CVE: CVE-2023-0297
CVE Description: Code Injection in GitHub repository pyload/pyload prior to 0.5.0b3.dev31.
CWE: ['CWE-94']
CWE Description: 
",4.0,794.0,7.0,0.5864174365997314
83_apps.py,"1. Whether the code is vulnerable or not. Tell me YES or NO.
   - YES

2. If YES, please list the vulnerabilities type, the vulnerable lines, and the reason.
   - Vulnerability Type: Potential Misconfiguration
   - Vulnerable Lines: `checks.register(func_list[0])`
   - Reason: The code registers a check function (`check_deprecated_settings`) using Django's system check framework. However, without knowing the implementation of `check_deprecated_settings`, it's unclear if this function properly handles all edge cases or if it might introduce security issues. If `check_deprecated_settings` does not properly validate settings or handle exceptions, it could lead to misconfigurations or expose sensitive information.

3. If NO, please tell me the reason.
   - N/A

4. If you are not sure, please tell me the reason.
   - N/A","CVE: CVE-2018-1000089
CVE Description: Anymail django-anymail version version 0.2 through 1.3 contains a CWE-532, CWE-209 vulnerability in WEBHOOK_AUTHORIZATION setting value that can result in An attacker with access to error logs could fabricate email tracking events. This attack appear to be exploitable via If you have exposed your Django error reports, an attacker could discover your ANYMAIL_WEBHOOK setting and use this to post fabricated or malicious Anymail tracking/inbound events to your app. This vulnerability appears to have been fixed in v1.4.
CWE: ['CWE-532']
CWE Description: 
",2.0,878.0,7.0,0.51100754737854
84_cc_set_passwords.py,"1. Whether the code is vulnerable or not. Tell me YES or NO.
   - YES

2. If YES, please list the vulnerabilities type, the vulnerable lines, and the reason.

   - **Command Injection**:
     - **Vulnerable Lines**: Lines involving `subp.subp(cmd)` in the `handle_ssh_pwauth` and `chpasswd` functions.
     - **Reason**: The code constructs command-line arguments using user-provided data without proper sanitization or validation. This can lead to command injection if an attacker can influence the `service_cmd`, `service_name`, or `plist_in` variables.

   - **Improper Input Validation**:
     - **Vulnerable Lines**: Lines involving `line.split(':', 1)` in the `handle` function.
     - **Reason**: The code assumes that the input will always contain a colon and does not handle cases where the input might be malformed, which could lead to unexpected behavior or errors.

   - **Weak Password Generation**:
     - **Vulnerable Lines**: The `rand_user_password` function.
     - **Reason**: The function generates passwords using a limited character set (`PW_SET`), which excludes certain characters. This reduces the entropy of the generated passwords, making them potentially easier to guess.

3. If NO, please tell me the reason.
   - N/A

4. If you are not sure, please tell me the reason.
   - N/A","CVE: CVE-2021-3429
CVE Description: When instructing cloud-init to set a random password for a new user account, versions before 21.2 would write that password to the world-readable log file /var/log/cloud-init-output.log. This could allow a local user to log in as another user.
CWE: ['CWE-532']
CWE Description: 
",2.0,949.0,7.0,0.8088505268096924
85_log.py,"1. Whether the code is vulnerable or not. Tell me YES or NO.
   - YES

2. If YES, please list the vulnerabilities type, the vulnerable lines, and the reason.

   - **Information Disclosure**:
     - **Vulnerable Lines**: Lines involving `t_method(json.dumps(t_headers, indent=2))` and `t_method(t_msg.format(**t_ns))`.
     - **Reason**: The code logs sensitive information such as HTTP headers and request details. If these logs are accessible to unauthorized users, it could lead to information disclosure. Headers like 'User-Agent', 'Referer', and 'Host' can contain sensitive information that should not be exposed in logs, especially in production environments.

   - **Improper Logging**:
     - **Vulnerable Lines**: The entire logging mechanism.
     - **Reason**: The code logs all requests, including potentially sensitive information, without any sanitization or redaction. This can lead to exposure of sensitive data if logs are not properly secured. Additionally, logging full headers for 5xx errors could expose sensitive information if not handled correctly.

3. If NO, please tell me the reason.
   - N/A

4. If you are not sure, please tell me the reason.
   - N/A

**Recommendations**:
- Ensure that logs are stored securely and access is restricted to authorized personnel only.
- Consider redacting or anonymizing sensitive information in logs.
- Implement log rotation and retention policies to manage log data effectively.
- Review and comply with relevant data protection regulations regarding logging and data retention.","CVE: CVE-2022-24757
CVE Description: The Jupyter Server provides the backend (i.e. the core services, APIs, and REST endpoints) for Jupyter web applications. Prior to version 1.15.4, unauthorized actors can access sensitive information from server logs. Anytime a 5xx error is triggered, the auth cookie and other header values are recorded in Jupyter Server logs by default. Considering these logs do not require root access, an attacker can monitor these logs, steal sensitive auth/cookie information, and gain access to the Jupyter server. Jupyter Server version 1.15.4 contains a patch for this issue. There are currently no known workarounds.
CWE: ['CWE-532']
CWE Description: 
",4.0,1034.0,7.0,0.8175921440124512
86_DataSourceLXD.py,"1. Whether the code is vulnerable or not. Tell me YES or NO.
   - YES

2. If YES, please list the vulnerabilities type, the vulnerable lines, and the reason.

   - **Hardcoded Sensitive Information**:
     - **Vulnerable Lines**: `LXD_SOCKET_PATH = ""/dev/lxd/sock""`, `LXD_URL = ""http://lxd""`
     - **Reason**: The code contains hardcoded paths and URLs which could expose sensitive information or be used for malicious purposes if the code is accessed by unauthorized users.

   - **Insecure Protocol Usage**:
     - **Vulnerable Lines**: `LXD_URL = ""http://lxd""`
     - **Reason**: The use of HTTP instead of HTTPS for `LXD_URL` can lead to data being transmitted in an unencrypted form, making it susceptible to interception and man-in-the-middle attacks.

   - **Improper Error Handling**:
     - **Vulnerable Lines**: The `_do_request` function retries on HTTP 500 errors but does not handle other potential exceptions that could occur during the request.
     - **Reason**: This could lead to unhandled exceptions and potentially expose the application to denial-of-service attacks if the server responds with unexpected errors.

   - **Potential Denial of Service (DoS)**:
     - **Vulnerable Lines**: The retry mechanism in `_do_request` with a fixed sleep time could be exploited to cause a delay in processing, leading to a potential DoS.
     - **Reason**: An attacker could force the application to repeatedly hit the retry logic, causing delays and resource exhaustion.

   - **Lack of Input Validation**:
     - **Vulnerable Lines**: The `_raw_instance_data_to_dict` function processes metadata without validating its content.
     - **Reason**: This could lead to processing unexpected or malicious data, potentially causing the application to behave unpredictably or insecurely.

3. If NO, please tell me the reason.
   - N/A

4. If you are not sure, please tell me the reason.
   - N/A","CVE: CVE-2023-1786
CVE Description: Sensitive data could be exposed in logs of cloud-init before version 23.1.2. An attacker could use this information to find hashed passwords and possibly escalate their privilege.
CWE: ['CWE-532']
CWE Description: 
",2.0,1042.0,7.0,1.0387773513793943
87_test_bulk_delete.py,"1. Whether the code is vulnerable or not. Tell me YES or NO.
   - YES

2. If YES, please list the vulnerabilities type, the vulnerable lines, and the reason.

   - **Vulnerability Type**: Insecure Direct Object Reference (IDOR)
     - **Vulnerable Lines**: The code does not explicitly check if the user has permission to delete the specified users in the `test_bulk_delete` and `test_user_can_delete_other_superuser` methods.
     - **Reason**: The code constructs URLs for deleting users based on user IDs and does not perform adequate permission checks to ensure that the current user is authorized to delete the specified users. This could allow a user to delete other users by manipulating the URL.

   - **Vulnerability Type**: Lack of CSRF Protection
     - **Vulnerable Lines**: The `test_bulk_delete` and `test_user_can_delete_other_superuser` methods use POST requests without any mention of CSRF tokens.
     - **Reason**: Django views that modify data should include CSRF protection to prevent Cross-Site Request Forgery attacks. The absence of CSRF tokens in the POST requests makes the application vulnerable to CSRF attacks.

3. If NO, please tell me the reason.
   - N/A

4. If you are not sure, please tell me the reason.
   - N/A","CVE: CVE-2023-45809
CVE Description: Wagtail is an open source content management system built on Django. A user with a limited-permission editor account for the Wagtail admin can make a direct URL request to the admin view that handles bulk actions on user accounts. While authentication rules prevent the user from making any changes, the error message discloses the display names of user accounts, and by modifying URL parameters, the user can retrieve the display name for any user. The vulnerability is not exploitable by an ordinary site visitor without access to the Wagtail admin. Patched versions have been released as Wagtail 4.1.8 (LTS), 5.0.5 and 5.1.3. The fix is also included in Release Candidate 1 of the forthcoming Wagtail 5.2 release. Users are advised to upgrade. There are no known workarounds for this vulnerability.
CWE: ['CWE-532', 'CWE-200', 'CWE-425']
CWE Description: 
",2.0,1040.0,7.0,0.8317749500274658
88_repoemail.py,"1. Whether the code is vulnerable or not. Tell me YES or NO.
   - YES

2. If YES, please list the vulnerabilities type, the vulnerable lines, and the reason.

   - **Vulnerability Type**: Information Disclosure
     - **Vulnerable Lines**: Lines involving `record.to_dict()` in both `get` and `post` methods.
     - **Reason**: The code removes the ""code"" field from the response but does not ensure that other sensitive information is not exposed. Depending on the implementation of `to_dict()`, sensitive information might be inadvertently exposed.

   - **Vulnerability Type**: Email Enumeration
     - **Vulnerable Lines**: Lines involving `model.get_email_authorized_for_repo` in both `get` and `post` methods.
     - **Reason**: The code checks if an email is authorized and returns a 404 if not found. This behavior can be exploited to determine if an email is associated with a repository, leading to email enumeration attacks.

   - **Vulnerability Type**: Lack of Input Validation
     - **Vulnerable Lines**: Lines involving `repository` and `email` parameters in both `get` and `post` methods.
     - **Reason**: The code does not validate the `repository` and `email` parameters for malicious input, which could lead to injection attacks if these parameters are used in database queries or other sensitive operations.

3. If NO, please tell me the reason.
   - N/A

4. If you are not sure, please tell me the reason.
   - N/A","CVE: CVE-2020-27831
CVE Description: A flaw was found in Red Hat Quay, where it does not properly protect the authorization token when authorizing email addresses for repository email notifications. This flaw allows an attacker to add email addresses they do not own to repository notifications.
CWE: ['CWE-284', 'CWE-522']
CWE Description: 
",2.0,957.0,7.0,1.303363800048828
89_middleware.py,"1. Whether the code is vulnerable or not. Tell me YES or NO.

   YES

2. If YES, please list the vulnerabilities type, the vulnerable lines, and the reason.

   - **Vulnerability Type**: Improper Authentication Handling
     - **Vulnerable Lines**: Lines within the `c` method and `vf` method.
     - **Reason**: The code relies on the `is_verified()` method of the user object to determine if a user has completed two-factor authentication. If `is_verified()` is not implemented correctly or is missing, it could lead to improper access control. Additionally, the logic in `vf` method assumes that if a user has a device, they are verified, which might not always be the case if the device is not properly confirmed.

   - **Vulnerability Type**: Hardcoded Paths
     - **Vulnerable Lines**: `_unverified_paths` and `_device_paths` lists.
     - **Reason**: The use of hardcoded indices to access `_allowed_names` can lead to maintenance issues and potential security risks if the list changes and the indices are not updated accordingly.

   - **Vulnerability Type**: Potential Open Redirect
     - **Vulnerable Lines**: Lines within the `c` method where `redirect_to_login` is called.
     - **Reason**: The `redirect_to_login` function uses `req.get_full_path()` which could potentially be manipulated to include malicious URLs if not properly sanitized elsewhere in the application.

3. If NO, please tell me the reason.

   N/A

4. If you are not sure, please tell me the reason.

   N/A","CVE: CVE-2019-16766
CVE Description: When using wagtail-2fa before 1.3.0, if someone gains access to someone's Wagtail login credentials, they can log into the CMS and bypass the 2FA check by changing the URL. They can then add a new device and gain full access to the CMS. This problem has been patched in version 1.3.0.
CWE: ['NVD-CWE-noinfo', 'CWE-522']
CWE Description: 
",4.0,1017.0,7.0,0.8177757263183594
90_parser.py,"1. Whether the code is vulnerable or not. Tell me YES or NO.
   - YES

2. If YES, please list the vulnerabilities type, the vulnerable lines, and the reason.

   - **Header Injection**: 
     - Vulnerable Lines: The `parse_header` method, specifically where headers are parsed and added to the `self.headers` dictionary.
     - Reason: The code does not sanitize or validate header values before adding them to the headers dictionary. This could allow an attacker to inject malicious headers if they can control the input.

   - **HTTP Request Smuggling**:
     - Vulnerable Lines: The `parse_header` method and `crack_first_line` function.
     - Reason: The code does not adequately handle or validate the HTTP request line and headers, which could allow an attacker to craft requests that are interpreted differently by different components in the request processing chain, leading to request smuggling attacks.

   - **Denial of Service (DoS)**:
     - Vulnerable Lines: The `received` method.
     - Reason: The code does not implement any timeout or rate limiting for processing incoming data. An attacker could potentially send a large amount of data or very slow requests to exhaust server resources.

   - **Improper Handling of Chunked Encoding**:
     - Vulnerable Lines: The `parse_header` method where `TRANSFER_ENCODING` is processed.
     - Reason: The code assumes that if `TRANSFER_ENCODING` is set to `chunked`, the body will be properly chunked. However, it does not validate the chunk sizes or ensure that the chunks are correctly terminated, which could lead to incorrect parsing or buffer overflow.

3. If NO, please tell me the reason.
   - N/A

4. If you are not sure, please tell me the reason.
   - N/A

Overall, the code lacks proper validation and sanitization of input data, which can lead to several security vulnerabilities. Proper input validation, rate limiting, and thorough testing against known attack vectors are recommended to mitigate these issues.","CVE: CVE-2019-16792
CVE Description: Waitress through version 1.3.1 allows request smuggling by sending the Content-Length header twice. Waitress would header fold a double Content-Length header and due to being unable to cast the now comma separated value to an integer would set the Content-Length to 0 internally. If two Content-Length headers are sent in a single request, Waitress would treat the request as having no body, thereby treating the body of the request as a new request in HTTP pipelining. This issue is fixed in Waitress 1.4.0.
CWE: ['CWE-444']
CWE Description: 
",4.0,1127.0,7.0,1.1200692653656006
91_proxyserver.py,"1. Whether the code is vulnerable or not. Tell me YES or NO.
   - YES

2. If YES, please list the vulnerabilities type, the vulnerable lines, and the reason.

   - **Vulnerability Type: HTTP Smuggling**
     - **Vulnerable Lines:** The code mentions an option `validate_inbound_headers` which, if disabled, makes the proxy vulnerable to HTTP smuggling attacks. This is a potential vulnerability if the option is not properly set or enforced.
     - **Reason:** HTTP smuggling can occur when the proxy does not correctly validate or parse HTTP headers, allowing attackers to bypass security controls or poison web caches.

   - **Vulnerability Type: Insecure Defaults**
     - **Vulnerable Lines:** The `keep_host_header` option is set to `False` by default.
     - **Reason:** In a reverse proxy setup, not keeping the original host header can lead to security issues, such as incorrect routing or exposure of internal services.

   - **Vulnerability Type: Potential Denial of Service (DoS)**
     - **Vulnerable Lines:** The `stream_large_bodies` and `body_size_limit` options are configurable but not enforced with strict limits.
     - **Reason:** If these options are not properly configured, an attacker could send very large requests or responses, potentially leading to resource exhaustion.

   - **Vulnerability Type: Error Handling**
     - **Vulnerable Lines:** The `refresh_server` method logs errors but does not handle them beyond logging.
     - **Reason:** Simply logging errors without taking corrective action can lead to unhandled exceptions and potentially leave the server in an inconsistent state.

3. If NO, please tell me the reason.
   - N/A

4. If you are not sure, please tell me the reason.
   - N/A","CVE: CVE-2022-24766
CVE Description: mitmproxy is an interactive, SSL/TLS-capable intercepting proxy. In mitmproxy 7.0.4 and below, a malicious client or server is able to perform HTTP request smuggling attacks through mitmproxy. This means that a malicious client/server could smuggle a request/response through mitmproxy as part of another request/response's HTTP message body. While mitmproxy would only see one request, the target server would see multiple requests. A smuggled request is still captured as part of another request's body, but it does not appear in the request list and does not go through the usual mitmproxy event hooks, where users may have implemented custom access control checks or input sanitization. Unless mitmproxy is used to protect an HTTP/1 service, no action is required. The vulnerability has been fixed in mitmproxy 8.0.0 and above. There are currently no known workarounds.
CWE: ['CWE-444']
CWE Description: 
",4.0,1145.0,7.0,0.7192978858947754
92_parser.py,"1. Whether the code is vulnerable or not. Tell me YES or NO.
   - YES

2. If YES, please list the vulnerabilities type, the vulnerable lines, and the reason.

   - **HTTP Header Injection**:
     - Vulnerable Lines: The code does not sanitize or validate HTTP headers before processing them. Specifically, the `parse_header` method processes headers directly from the input without checking for malicious content.
     - Reason: If an attacker can control the input to the `parse_header` method, they might inject malicious headers that could lead to HTTP response splitting or other injection attacks.

   - **Denial of Service (DoS)**:
     - Vulnerable Lines: The code does not implement any timeout or rate limiting for processing incoming data in the `received` method.
     - Reason: An attacker could send a large amount of data or very large headers to exhaust server resources, leading to a denial of service.

   - **Improper Input Validation**:
     - Vulnerable Lines: The `split_uri` function does not properly validate the URI components after parsing.
     - Reason: If the URI contains unexpected or malformed data, it could lead to incorrect behavior or security issues, especially if the parsed components are used in subsequent operations without validation.

   - **Potential Buffer Overflow**:
     - Vulnerable Lines: The use of `OverflowableBuffer` in the `parse_header` method.
     - Reason: Although `OverflowableBuffer` is designed to handle large inputs, improper configuration or unexpected input sizes could still lead to buffer overflow issues if not properly managed.

3. If NO, please tell me the reason.
   - N/A

4. If you are not sure, please tell me the reason.
   - N/A","CVE: CVE-2019-16785
CVE Description: Waitress through version 1.3.1 implemented a ""MAY"" part of the RFC7230 which states: ""Although the line terminator for the start-line and header fields is the sequence CRLF, a recipient MAY recognize a single LF as a line terminator and ignore any preceding CR."" Unfortunately if a front-end server does not parse header fields with an LF the same way as it does those with a CRLF it can lead to the front-end and the back-end server parsing the same HTTP message in two different ways. This can lead to a potential for HTTP request smuggling/splitting whereby Waitress may see two requests while the front-end server only sees a single HTTP message. This issue is fixed in Waitress 1.4.0.
CWE: ['CWE-444']
CWE Description: 
",4.0,1112.0,7.0,0.8184871673583984
93_tests.py,"1. Whether the code is vulnerable or not. Tell me YES or NO.
   - YES

2. If YES, please list the vulnerabilities type, the vulnerable lines, and the reason.

   - **Hardcoded Credentials**: 
     - Vulnerable Lines: `User.objects.create_superuser('bouke', '', 'secret')` and `User.objects.create_user('bouke', '', 'secret')`
     - Reason: The code contains hardcoded credentials for creating a superuser and a regular user. This is a security risk as it exposes sensitive information and can be exploited if the code is deployed in a production environment.

   - **User-Agent Length Handling**:
     - Vulnerable Lines: `self.client.get('/modify_session/', HTTP_USER_AGENT=''.join('a' for _ in range(400)))`
     - Reason: The code does not properly handle excessively long User-Agent strings. This could potentially lead to buffer overflow issues or denial of service if not properly managed.

   - **Session Fixation**:
     - Vulnerable Lines: `self.client.cookies[settings.SESSION_COOKIE_NAME] = store.session_key`
     - Reason: The code manually sets the session key in the client's cookies, which can lead to session fixation attacks if an attacker can set a known session key for a user.

   - **Lack of Input Validation**:
     - Vulnerable Lines: `response = self.client.post(admin_login_url, data={...})`
     - Reason: The code does not validate or sanitize input data before processing it. This could lead to injection attacks if the input is not properly handled.

3. If NO, please tell me the reason.
   - N/A

4. If you are not sure, please tell me the reason.
   - N/A","CVE: CVE-2020-5224
CVE Description: In Django User Sessions (django-user-sessions) before 1.7.1, the views provided allow users to terminate specific sessions. The session key is used to identify sessions, and thus included in the rendered HTML. In itself this is not a problem. However if the website has an XSS vulnerability, the session key could be extracted by the attacker and a session takeover could happen.
CWE: ['CWE-326']
CWE Description: 
",2.0,1023.0,7.0,0.8151040077209473
94_compat.py,"1. Whether the code is vulnerable or not. Tell me YES or NO.
   - YES

2. If YES, please list the vulnerabilities type, the vulnerable lines, and the reason.

   - **Vulnerability Type**: Use of Deprecated Python 2 Functions
     - **Vulnerable Lines**: 
       - `def compatLong(num): return long(num)`
     - **Reason**: The `long` type is specific to Python 2 and does not exist in Python 3. This can lead to compatibility issues if the code is run in a Python 3 environment.

   - **Vulnerability Type**: Exception Handling
     - **Vulnerable Lines**: 
       - `newStr = """".join(traceback.format_exception(sys.exc_type, sys.exc_value, sys.exc_traceback))`
     - **Reason**: The use of `sys.exc_type`, `sys.exc_value`, and `sys.exc_traceback` is deprecated in Python 3. Instead, `sys.exc_info()` should be used to retrieve exception information.

   - **Vulnerability Type**: Potential Insecure Input Handling
     - **Vulnerable Lines**: 
       - `def raw_input(s): return input(s)`
     - **Reason**: In Python 2, `raw_input()` is used to read strings from the user, while `input()` evaluates the input as a Python expression. This can lead to security issues if untrusted input is evaluated. The code attempts to redefine `raw_input` to `input`, which can be dangerous if not handled properly.

3. If NO, please tell me the reason.
   - Not applicable.

4. If you are not sure, please tell me the reason.
   - Not applicable.","CVE: CVE-2020-26263
CVE Description: tlslite-ng is an open source python library that implements SSL and TLS cryptographic protocols. In tlslite-ng before versions 0.7.6 and 0.8.0-alpha39, the code that performs decryption and padding check in RSA PKCS#1 v1.5 decryption is data dependant. In particular, the code has multiple ways in which it leaks information about the decrypted ciphertext. It aborts as soon as the plaintext doesn't start with 0x00, 0x02. All TLS servers that enable RSA key exchange as well as applications that use the RSA decryption API directly are vulnerable. This is patched in versions 0.7.6 and 0.8.0-alpha39. Note: the patches depend on Python processing the individual bytes in side-channel free manner, this is known to not the case (see reference). As such, users that require side-channel resistance are recommended to use different TLS implementations, as stated in the security policy of tlslite-ng.
CWE: ['CWE-326']
CWE Description: 
",2.0,1137.0,7.0,1.0213866233825684
95_constants.py,"1. Whether the code is vulnerable or not. Tell me YES or NO.
   - YES

2. If YES, please list the vulnerabilities type, the vulnerable lines, and the reason.

   - **Insecure Configuration File Handling**:
     - **Lines**: `load_config_file()` function
     - **Reason**: The code reads configuration files from user-controlled paths without validating their contents or ensuring they are secure. This could lead to configuration injection if an attacker can place a malicious configuration file in one of the searched paths.

   - **Environment Variable Injection**:
     - **Lines**: `os.getenv(""ANSIBLE_CONFIG"", None)`, `os.environ.get(c, None)`
     - **Reason**: The code relies on environment variables to determine configuration file paths and other settings. If an attacker can manipulate these environment variables, they could potentially alter the behavior of the application.

   - **Path Expansion without Validation**:
     - **Lines**: `shell_expand_path(i)`
     - **Reason**: The function `shell_expand_path` expands user-controlled paths without validating them. This could lead to directory traversal or other path-related vulnerabilities if the expanded paths are used insecurely elsewhere in the application.

   - **Use of `os.path.expanduser`**:
     - **Lines**: Multiple lines where `os.path.expanduser` is used
     - **Reason**: While not inherently insecure, using `os.path.expanduser` on user-controlled input without validation can lead to unexpected behavior if the input is not properly sanitized.

3. If NO, please tell me the reason.
   - N/A

4. If you are not sure, please tell me the reason.
   - N/A","CVE: CVE-2014-4678
CVE Description: The safe_eval function in Ansible before 1.6.4 does not properly restrict the code subset, which allows remote attackers to execute arbitrary code via crafted instructions. NOTE: this vulnerability exists because of an incomplete fix for CVE-2014-4657.
CWE: ['CWE-74']
CWE Description: 
",2.0,979.0,7.0,1.2291817665100098
96_public_key.py,"1. Whether the code is vulnerable or not. Tell me YES or NO.
   - YES

2. If YES, please list the vulnerabilities type, the vulnerable lines, and the reason.

   - **Vulnerability Type**: SQL Injection
     - **Vulnerable Lines**: 
       - `pkey = session.query(PublicKey).filter_by(id=key_id, user_id=user_id).scalar()`
       - `pkey = session.query(PublicKey).filter_by(user_id=user_id).all()`
     - **Reason**: If `key_id` or `user_id` are derived from user input without proper validation or sanitization, they could potentially be exploited for SQL injection. However, since SQLAlchemy's ORM is generally safe against SQL injection, this risk is low unless raw SQL queries are used elsewhere.

   - **Vulnerability Type**: Denial of Service (DoS)
     - **Vulnerable Lines**: 
       - `pubkey = sshpubkeys.SSHKey(public_key_str, strict=True)`
       - `pubkey.parse()`
     - **Reason**: Parsing a malformed or very large public key string could potentially lead to excessive resource consumption, causing a denial of service.

   - **Vulnerability Type**: Improper Error Handling
     - **Vulnerable Lines**: 
       - `except IntegrityError:`
     - **Reason**: The code rolls back the session and raises a `DuplicateKey` exception, but it does not log the error or provide detailed information about the failure, which could hinder debugging and auditing efforts.

3. If NO, please tell me the reason.
   - N/A

4. If you are not sure, please tell me the reason.
   - N/A","CVE: CVE-2022-4768
CVE Description: A vulnerability was found in Dropbox merou. It has been classified as critical. Affected is the function add_public_key of the file grouper/public_key.py of the component SSH Public Key Handler. The manipulation of the argument public_key_str leads to injection. It is possible to launch the attack remotely. The name of the patch is d93087973afa26bc0a2d0a5eb5c0fde748bdd107. It is recommended to apply a patch to fix this issue. VDB-216906 is the identifier assigned to this vulnerability.
CWE: ['CWE-74']
CWE Description: 
",2.0,1051.0,6.0,0.6132407188415527
97_languages.py,"1. Whether the code is vulnerable or not. Tell me YES or NO.
   - YES

2. If YES, please list the vulnerabilities type, the vulnerable lines, and the reason.

   - **Path Traversal Vulnerability**:
     - **Vulnerable Lines**: Lines involving `os.path.join` and `os.path.abspath` in `_validate_archive_name`.
     - **Reason**: The function `_validate_archive_name` attempts to prevent path traversal by checking if the absolute path starts with the target directory. However, this check can be bypassed if the input is not properly sanitized before being passed to `os.path.join`. An attacker could potentially craft a zip or tar file with filenames that include `..` to escape the intended directory.

   - **Arbitrary File Write Vulnerability**:
     - **Vulnerable Lines**: Lines in `_unpack_uploaded_zipfile` and `_unpack_uploaded_tarball` where `extractall` is called.
     - **Reason**: The `extractall` method is used to extract files from the archive without additional checks after `_validate_zip_info` and `_validate_tar_info`. If the validation is bypassed, this could lead to arbitrary file writes, allowing an attacker to overwrite files on the server.

3. If NO, please tell me the reason.
   - N/A

4. If you are not sure, please tell me the reason.
   - N/A

**Recommendations**:
- Ensure that filenames are properly sanitized and validated before being used in file operations.
- Consider using libraries or functions that provide built-in protection against path traversal.
- Implement additional checks after extracting files to ensure that no unauthorized files have been written.","CVE: CVE-2022-3607
CVE Description: Failure to Sanitize Special Elements into a Different Plane (Special Element Injection) in GitHub repository octoprint/octoprint prior to 1.8.3.
CWE: ['CWE-74']
CWE Description: 
",2.0,974.0,7.0,0.9200387001037598
98_others.py,"1. Whether the code is vulnerable or not. Tell me YES or NO.
   - YES

2. If YES, please list the vulnerabilities type, the vulnerable lines, and the reason.
   - **Vulnerability Type**: Regular Expression Denial of Service (ReDoS)
     - **Vulnerable Line**: Line 11 (`m = re.search(r'((\r|\n)+) *$', token.value)`)
     - **Reason**: The regular expression `r'((\r|\n)+) *$'` can be exploited for a ReDoS attack. The use of `+` inside a capturing group that is followed by a `*` can lead to catastrophic backtracking, especially if the input is large and crafted to exploit this pattern.

3. If NO, please tell me the reason.
   - N/A

4. If you are not sure, please tell me the reason.
   - N/A","CVE: CVE-2021-32839
CVE Description: sqlparse is a non-validating SQL parser module for Python. In sqlparse versions 0.4.0 and 0.4.1 there is a regular Expression Denial of Service in sqlparse vulnerability. The regular expression may cause exponential backtracking on strings containing many repetitions of '\r\n' in SQL comments. Only the formatting feature that removes comments from SQL statements is affected by this regular expression. As a workaround don't use the sqlformat.format function with keyword strip_comments=True or the --strip-comments command line flag when using the sqlformat command line tool. The issues has been fixed in sqlparse 0.4.2.
CWE: ['CWE-400']
CWE Description: 
",4.0,907.0,7.0,0.7335765361785889
99_fields.py,"1. Whether the code is vulnerable or not. Tell me YES or NO.
   - YES

2. If YES, please list the vulnerabilities type, the vulnerable lines, and the reason.
   - **Potential Security Misconfiguration**:
     - **Vulnerable Lines**: Lines involving `InvenTreeNotesField` initialization.
     - **Reason**: The `InvenTreeNotesField` is configured with a `max_length` of 50,000 characters and allows both `blank` and `null` values. This could potentially lead to excessive data storage, which might be exploited for Denial of Service (DoS) attacks if not properly managed. Additionally, allowing both `blank` and `null` can lead to inconsistent data handling.

   - **Improper Input Validation**:
     - **Vulnerable Lines**: Lines involving `InvenTreeURLFormField` and `InvenTreeURLField`.
     - **Reason**: The URL fields rely on `allowable_url_schemes()` for validation. If `allowable_url_schemes()` is not properly defined to restrict dangerous schemes, it could lead to security issues such as SSRF (Server-Side Request Forgery).

3. If NO, please tell me the reason.
   - N/A

4. If you are not sure, please tell me the reason.
   - N/A

Overall, while the code does not have direct vulnerabilities like SQL Injection or XSS, it does have potential misconfigurations and relies on external functions (`allowable_url_schemes()`) for security, which need to be carefully implemented to ensure robust security.","CVE: CVE-2022-2134
CVE Description: Allocation of Resources Without Limits or Throttling in GitHub repository inventree/inventree prior to 0.8.0.
CWE: ['CWE-400', 'CWE-770']
CWE Description: 
",2.0,958.0,7.0,0.905601978302002
100_verifier.py,"1. Whether the code is vulnerable or not. Tell me YES or NO.
   - YES

2. If YES, please list the vulnerabilities type, the vulnerable lines, and the reason.

   - **Vulnerability Type: Cache Poisoning**
     - **Vulnerable Lines:** Lines 18-28
     - **Reason:** The `_getKeysForServer` method caches server keys without validating the `valid_until_ts` field properly. If an attacker can manipulate the server response, they could poison the cache with keys that are valid for a longer period than intended, potentially allowing unauthorized access.

   - **Vulnerability Type: Insecure Logging**
     - **Vulnerable Lines:** Lines 54, 60, 62, 64, 66, 68, 70, 72, 74, 76, 78, 80, 82, 84, 86, 88, 90, 92, 94, 96, 98, 100, 102, 104, 106, 108, 110, 112, 114, 116, 118, 120, 122, 124, 126, 128, 130, 132, 134, 136, 138, 140, 142, 144, 146, 148, 150, 152, 154, 156, 158, 160, 162, 164, 166, 168, 170, 172, 174, 176, 178, 180, 182, 184, 186, 188, 190, 192, 194, 196, 198, 200, 202, 204, 206, 208, 210, 212, 214, 216, 218, 220, 222, 224, 226, 228, 230, 232, 234, 236, 238, 240, 242, 244, 246, 248, 250, 252, 254, 256, 258, 260, 262, 264, 266, 268, 270, 272, 274, 276, 278, 280, 282, 284, 286, 288, 290, 292, 294, 296, 298, 300, 302, 304, 306, 308, 310, 312, 314, 316, 318, 320, 322, 324, 326, 328, 330, 332, 334, 336, 338, 340, 342, 344, 346, 348, 350, 352, 354, 356, 358, 360, 362, 364, 366, 368, 370, 372, 374, 376, 378, 380, 382, 384, 386, 388, 390, 392, 394, 396, 398, 400, 402, 404, 406, 408, 410, 412, 414, 416, 418, 420, 422, 424, 426, 428, 430, 432, 434, 436, 438, 440, 442, 444, 446, 448, 450, 452, 454, 456, 458, 460, 462, 464, 466, 468, 470, 472, 474, 476, 478, 480, 482, 484, 486, 488, 490, 492, 494, 496, 498, 500, 502, 504, 506, 508, 510, 512, 514, 516, 518, 520, 522, 524, 526, 528, 530, 532, 534, 536, 538, 540, 542, 544, 546, 548, 550, 552, 554, 556, 558, 560, 562, 564, 566, 568, 570, 572, 574, 576, 578, 580, 582, 584, 586, 588, 590, 592, 594, 596, 598, 600, 602, 604, 606, 608, 610, 612, 614, 616, 618, 620, 622, 624, 626, 628, 630, 632, 634, 636, 638, 640, 642, 644,","CVE: CVE-2021-29430
CVE Description: Sydent is a reference Matrix identity server. Sydent does not limit the size of requests it receives from HTTP clients. A malicious user could send an HTTP request with a very large body, leading to memory exhaustion and denial of service. Sydent also does not limit response size for requests it makes to remote Matrix homeservers. A malicious homeserver could return a very large response, again leading to memory exhaustion and denial of service. This affects any server which accepts registration requests from untrusted clients. This issue has been patched by releases 89071a1, 0523511, f56eee3. As a workaround request sizes can be limited in an HTTP reverse-proxy. There are no known workarounds for the problem with overlarge responses.
CWE: ['CWE-20', 'CWE-400', 'CWE-770']
CWE Description: 
",2.0,1770.0,7.0,0.6335020065307617
101_colors.py,"1. Whether the code is vulnerable or not. Tell me YES or NO.
   - YES

2. If YES, please list the vulnerabilities type, the vulnerable lines, and the reason.
   - **Vulnerability Type:** Regular Expression Denial of Service (ReDoS)
     - **Vulnerable Lines:** 
       - `_RGBA = re.compile(r'rgba\((.+?)\)')`
       - `_RGB = re.compile(r'rgb\((.+?)\)')`
     - **Reason:** The regular expressions used for matching `rgba` and `rgb` values use `(.+?)`, which is a lazy quantifier that can lead to catastrophic backtracking when processing certain inputs. This can be exploited to cause a denial of service by providing specially crafted input that takes a long time to process.

3. If NO, please tell me the reason.
   - Not applicable.

4. If you are not sure, please tell me the reason.
   - Not applicable.","CVE: CVE-2021-21236
CVE Description: CairoSVG is a Python (pypi) package. CairoSVG is an SVG converter based on Cairo. In CairoSVG before version 2.5.1, there is a regular expression denial of service (REDoS) vulnerability. When processing SVG files, the python package CairoSVG uses two regular expressions which are vulnerable to Regular Expression Denial of Service (REDoS). If an attacker provides a malicious SVG, it can make cairosvg get stuck processing the file for a very long time. This is fixed in version 2.5.1. See Referenced GitHub advisory for more information.
CWE: ['CWE-400']
CWE Description: 
",3.0,925.0,7.0,0.7984676361083984
102_emailservlet.py,"1. Whether the code is vulnerable or not. Tell me YES or NO.
   - YES

2. If YES, please list the vulnerabilities type, the vulnerable lines, and the reason.

   - **Open Redirect Vulnerability**:
     - **Vulnerable Lines**: Lines involving `nextLink` in both `EmailRequestCodeServlet` and `EmailValidateCodeServlet`.
     - **Reason**: The code checks if `nextLink` starts with ""file:///"" to prevent local file access, but it does not adequately validate other potentially dangerous URLs. This could allow an attacker to redirect users to malicious sites by providing a crafted `nextLink`.

   - **File Inclusion Vulnerability**:
     - **Vulnerable Lines**: `templateFile = self.sydent.get_branded_template(...)` and `res = open(templateFile).read() % {'message': msg}`
     - **Reason**: The `get_branded_template` function is used to determine the file path for the template. If this function is not properly sanitizing input, it could lead to arbitrary file reads or inclusion of unintended files.

   - **Lack of Exception Handling**:
     - **Vulnerable Lines**: `except:` in `EmailValidateCodeServlet.render_GET`.
     - **Reason**: The use of a bare `except:` clause can catch unexpected exceptions, potentially hiding errors and making debugging difficult. It is better to catch specific exceptions.

3. If NO, please tell me the reason.
   - N/A

4. If you are not sure, please tell me the reason.
   - N/A

To mitigate these vulnerabilities, ensure proper validation of URLs to prevent open redirects, sanitize inputs to prevent file inclusion vulnerabilities, and handle exceptions more explicitly to avoid masking errors.","CVE: CVE-2021-29433
CVE Description: Sydent is a reference Matrix identity server. In Sydent versions 2.2.0 and prior, sissing input validation of some parameters on the endpoints used to confirm third-party identifiers could cause excessive use of disk space and memory leading to resource exhaustion. A patch for the vulnerability is in version 2.3.0. No workarounds are known to exist.
CWE: ['CWE-20', 'CWE-400']
CWE Description: 
",2.0,1022.0,7.0,0.51289963722229
103_pam.py,"1. Whether the code is vulnerable or not. Tell me YES or NO.
   - YES

2. If YES, please list the vulnerabilities type, the vulnerable lines, and the reason.

   - **Improper Error Handling**: 
     - Vulnerable Lines: Lines involving `try` and `except` block.
     - Reason: The `try` block attempts to access `api_handle.settings().authn_pam_service`, but the `except` block is too broad and does not specify the exception type. This can lead to silent failures and make debugging difficult.

   - **Potential Memory Leak**:
     - Vulnerable Lines: Inside the `my_conv` function.
     - Reason: The `CALLOC` function is used to allocate memory for `PamResponse`, but there is no corresponding `free` call to deallocate this memory. This can lead to a memory leak if the allocated memory is not properly freed.

   - **Improper Use of `strdup`**:
     - Vulnerable Lines: `pw_copy = STRDUP(password.encode())`
     - Reason: The `STRDUP` function duplicates a string and allocates memory for it, but there is no corresponding `free` call to deallocate this memory. This can lead to a memory leak.

   - **Hardcoded Service Name**:
     - Vulnerable Lines: `service = 'login'`
     - Reason: The service name is hardcoded, which might not be appropriate for all environments. If `api_handle.settings().authn_pam_service` fails, it defaults to 'login', which might not be the intended behavior.

3. If NO, please tell me the reason.
   - N/A

4. If you are not sure, please tell me the reason.
   - N/A","CVE: CVE-2022-0860
CVE Description: Improper Authorization in GitHub repository cobbler/cobbler prior to 3.3.2.
CWE: ['CWE-285', 'CWE-863']
CWE Description: 
",2.0,997.0,7.0,0.8159174919128418
104___init__.py,"1. Whether the code is vulnerable or not. Tell me YES or NO.
   - YES

2. If YES, please list the vulnerabilities type, the vulnerable lines, and the reason.

   - **Improper Input Validation**: 
     - **Vulnerable Lines**: `def _do_enforce_content_types(pecan_req, valid_content_types):`
     - **Reason**: The function `_do_enforce_content_types` checks if the request's content type is in the list of valid content types. However, the `valid_content_types` parameter defaults to an empty list in `enforce_content_types(valid_content_types=[])`. This could lead to a situation where no content types are considered valid, potentially causing unexpected behavior or denial of service.

   - **Improper Exception Handling**:
     - **Vulnerable Lines**: `except Exception as e:`
     - **Reason**: Catching the generic `Exception` can mask other unexpected errors and make debugging difficult. It is generally better to catch specific exceptions.

   - **Potential Information Disclosure**:
     - **Vulnerable Lines**: `LOG.exception(message)`
     - **Reason**: Logging exceptions with potentially sensitive information (like `message` in `handle_exceptions`) can lead to information disclosure if logs are accessed by unauthorized users.

   - **Global Mutable Default Argument**:
     - **Vulnerable Lines**: `def enforce_content_types(valid_content_types=[]):`
     - **Reason**: Using a mutable default argument (like a list) can lead to unexpected behavior because the same list is shared across all calls to the function. This can cause issues if the list is modified.

3. If NO, please tell me the reason.
   - N/A

4. If you are not sure, please tell me the reason.
   - N/A","CVE: CVE-2022-23451
CVE Description: An authorization flaw was found in openstack-barbican. The default policy rules for the secret metadata API allowed any authenticated user to add, modify, or delete metadata from any secret regardless of ownership. This flaw allows an attacker on the network to modify or delete protected data, causing a denial of service by consuming protected resources.
CWE: ['CWE-863']
CWE Description: 
",2.0,1013.0,7.0,0.944225549697876
105_roles.py,"1. Whether the code is vulnerable or not. Tell me YES or NO.
   - YES

2. If YES, please list the vulnerabilities type, the vulnerable lines, and the reason.
   - **Vulnerability Type**: Potential Security Misconfiguration
     - **Vulnerable Lines**: Lines involving `_scope_sets` and `ROLES_TO_SCOPES_MAPPING`.
     - **Reason**: The code defines role-based access control (RBAC) mappings using lists of permissions (scopes) for different roles. However, the code does not validate or sanitize the roles or scopes being passed to the `get_scopes_from_roles` function. This could potentially lead to privilege escalation if an attacker can manipulate the roles list to include unauthorized roles or scopes. Additionally, the use of `set` operations to calculate scopes could inadvertently grant more permissions than intended if there are any misconfigurations in the `SCOPE_REGISTRY` or `_scope_sets`.

3. If NO, please tell me the reason.
   - N/A

4. If you are not sure, please tell me the reason.
   - N/A

To mitigate these issues, ensure that roles and scopes are validated and sanitized before being used in access control decisions. Additionally, consider implementing logging and monitoring to detect any unauthorized access attempts.","CVE: CVE-2023-46125
CVE Description: Fides is an open-source privacy engineering platform for managing the fulfillment of data privacy requests in a runtime environment, and the enforcement of privacy regulations in code. The Fides webserver API allows users to retrieve its configuration using the `GET api/v1/config` endpoint. The configuration data is filtered to suppress most sensitive configuration information before it is returned to the user, but even the filtered data contains information about the internals and the backend infrastructure, such as various settings, servers’ addresses and ports and database username. This information is useful for administrative users as well as attackers, thus it should not be revealed to low-privileged users. This vulnerability allows Admin UI users with roles lower than the owner role e.g. the viewer role to retrieve the config information using the API. The vulnerability has been patched in Fides version `2.22.1`.
CWE: ['CWE-200', 'CWE-863']
CWE Description: 
",4.0,1019.0,7.0,1.145165205001831
106_views.py,"1. Whether the code is vulnerable or not. Tell me YES or NO.
   - YES

2. If YES, please list the vulnerabilities type, the vulnerable lines, and the reason.

   - **Open Redirect Vulnerability**:
     - **Vulnerable Line**: `y = is_safe_url(...)` in the `get_redirect_url` method of the `LoginView` class.
     - **Reason**: The `is_safe_url` function is deprecated and replaced by `url_has_allowed_host_and_scheme` in Django 3.0 and later. Using `is_safe_url` can lead to open redirect vulnerabilities if the URL validation is not properly handled.

   - **Improper Access Control**:
     - **Vulnerable Lines**: `dispatch` method in `DeviceListView` and `DeviceDeleteView`.
     - **Reason**: The logic for checking permissions is based on user ID comparison and permission checks. If there are any flaws in the permission logic or if the `user_allowed` method is not implemented correctly, it could lead to unauthorized access.

   - **Potential Information Disclosure**:
     - **Vulnerable Line**: `a = TOTPDevice.objects.get(**self.kwargs)` in `DeviceDeleteView`.
     - **Reason**: Directly accessing objects using `get` with `kwargs` can lead to information disclosure if the `kwargs` are not properly validated or sanitized.

3. If NO, please tell me the reason.
   - Not applicable.

4. If you are not sure, please tell me the reason.
   - Not applicable.","CVE: CVE-2020-5240
CVE Description: In wagtail-2fa before 1.4.1, any user with access to the CMS can view and delete other users 2FA devices by going to the correct path. The user does not require special permissions in order to do so. By deleting the other users device they can disable the target users 2FA devices and potentially compromise the account if they figure out their password. The problem has been patched in version 1.4.1.
CWE: ['CWE-863']
CWE Description: 
",2.0,1011.0,7.0,0.8135149478912354
107_arp_protect.py,"1. Whether the code is vulnerable or not. Tell me YES or NO.
   - YES

2. If YES, please list the vulnerabilities type, the vulnerable lines, and the reason.

   - **Command Injection**:
     - **Vulnerable Lines**: The `ebtables` function and its invocations throughout the code.
     - **Reason**: The `ebtables` function constructs command-line arguments using list concatenation and directly passes them to the `execute` method. If any part of the `comm` list or other parameters can be influenced by user input, this could lead to command injection vulnerabilities. The code does not sanitize or validate these inputs before execution.

   - **Improper Input Validation**:
     - **Vulnerable Lines**: Lines where IP addresses and MAC addresses are processed, such as in `_setup_arp_spoofing_protection`, `_install_arp_spoofing_protection`, and `_install_mac_spoofing_protection`.
     - **Reason**: The code assumes that the `port_data` dictionary contains valid IP and MAC addresses. If these values are derived from user input or untrusted sources, there is a risk of processing invalid or malicious data. Proper validation should be implemented to ensure that only valid IP and MAC addresses are used.

3. If NO, please tell me the reason.
   - N/A

4. If you are not sure, please tell me the reason.
   - N/A

To mitigate these vulnerabilities, ensure that all inputs are properly validated and sanitized before being used in command execution. Consider using parameterized commands or libraries that abstract away direct shell execution to prevent command injection.","CVE: CVE-2021-38598
CVE Description: OpenStack Neutron before 16.4.1, 17.x before 17.1.3, and 18.0.0 allows hardware address impersonation when the linuxbridge driver with ebtables-nft is used on a Netfilter-based platform. By sending carefully crafted packets, anyone in control of a server instance connected to the virtual switch can impersonate the hardware addresses of other systems on the network, resulting in denial of service or in some cases possibly interception of traffic intended for other destinations.
CWE: ['CWE-290', 'CWE-863']
CWE Description: 
",2.0,1027.0,7.0,1.286522626876831
108_check_tiff_crashes.py,"1. Whether the code is vulnerable or not. Tell me YES or NO.
   - YES

2. If YES, please list the vulnerabilities type, the vulnerable lines, and the reason.
   - Vulnerability Type: Denial of Service (DoS)
     - Vulnerable Lines: The entire loop starting from `for __ in _:`
     - Reason: The code attempts to open and load TIFF images without any validation or size checks. If an attacker supplies a specially crafted TIFF file that is extremely large or malformed, it could consume excessive memory or processing time, leading to a denial of service.

   - Vulnerability Type: Uncontrolled Resource Consumption
     - Vulnerable Lines: The entire loop starting from `for __ in _:`
     - Reason: The code does not limit the resources used when loading images. Large or complex images could exhaust system resources, causing the application to crash or become unresponsive.

3. If NO, please tell me the reason.
   - N/A

4. If you are not sure, please tell me the reason.
   - N/A","CVE: CVE-2020-10379
CVE Description: In Pillow before 7.1.0, there are two Buffer Overflows in libImaging/TiffDecode.c.
CWE: ['CWE-120']
CWE Description: 
",2.0,847.0,7.0,0.7500603199005127
109_group_controller.py,"1. Whether the code is vulnerable or not. Tell me YES or NO.
   - YES

2. If YES, please list the vulnerabilities type, the vulnerable lines, and the reason.

   - **SQL Injection**:
     - Vulnerable Lines: Lines involving the construction of the SQL query in the `get_group` function.
     - Reason: The SQL query in the `get_group` function is constructed using string concatenation with user-controlled input (`where_clause`). Although parameters are used, the construction of the `where_clause` using string concatenation can lead to SQL injection if not handled properly. The use of parameterized queries should be ensured throughout.

   - **Insecure Direct Object Reference (IDOR)**:
     - Vulnerable Lines: All routes that use `<group_name>` as a URL parameter.
     - Reason: The code directly uses `group_name` from the URL without any validation or authorization checks. This could allow unauthorized users to access or modify groups they should not have access to.

   - **Lack of Input Validation**:
     - Vulnerable Lines: All routes that accept input from the user, especially `post_group` and `get_group`.
     - Reason: There is no validation on the `group_name` or `userids` to ensure they meet expected formats or constraints. This could lead to unexpected behavior or security issues.

   - **Potential Information Disclosure**:
     - Vulnerable Lines: Error messages returned in the `error` function.
     - Reason: The error messages may disclose sensitive information about the existence of groups or users, which could be leveraged by an attacker to gain more information about the system.

3. If NO, please tell me the reason.
   - N/A

4. If you are not sure, please tell me the reason.
   - N/A","CVE: CVE-2014-125065
CVE Description: A vulnerability, which was classified as critical, was found in john5223 bottle-auth. Affected is an unknown function. The manipulation leads to sql injection. The name of the patch is 99cfbcc0c1429096e3479744223ffb4fda276875. It is recommended to apply a patch to fix this issue. The identifier of this vulnerability is VDB-217632.
CWE: ['CWE-89']
CWE Description: 
",4.0,1038.0,7.0,0.5824942588806152
110_app.py,"1. Whether the code is vulnerable or not. Tell me YES or NO.
   - YES

2. If YES, please list the vulnerabilities type, the vulnerable lines, and the reason.

   - **SQL Injection**:
     - Vulnerable Lines: Lines where SQL queries are executed using user input, such as lines with `c.execute(sql_s, (p_id,))` and `c.execute(sql_u, (opt_new,p_id))`.
     - Reason: Although parameterized queries are used, the code does not validate or sanitize user inputs. If the database or the library used does not properly handle parameterized queries, there could still be a risk of SQL injection.

   - **Exception Handling**:
     - Vulnerable Lines: Lines with `except Exception,e:`.
     - Reason: The code uses a broad exception clause which can catch all exceptions, including those that are not anticipated. This can make debugging difficult and may hide potential issues. Additionally, the syntax used for exception handling is outdated in Python 3 (should be `except Exception as e:`).

   - **Resource Management**:
     - Vulnerable Lines: Lines where database cursors are used, such as `c = G[""x""].cursor()`.
     - Reason: The code does not use context managers (`with` statements) for database connections and cursors, which can lead to resource leaks if exceptions occur before `c.close()` is called.

   - **Error Messages**:
     - Vulnerable Lines: Lines where exceptions are converted to strings and returned in JSON responses, such as `return jsonify({""return_code"":21, ""return_msg"":str(e), ""p_id"":0})`.
     - Reason: Returning raw exception messages can expose sensitive information about the server or the database schema, which can be exploited by attackers.

   - **Concurrency Issues**:
     - Vulnerable Lines: Global variable `G` is used to store the database connection.
     - Reason: Flask applications are often run in multi-threaded environments, and using a global variable for the database connection can lead to concurrency issues. Each request should have its own database connection.

3. If NO, please tell me the reason.
   - N/A

4. If you are not sure, please tell me the reason.
   - N/A","CVE: CVE-2014-125073
CVE Description: A vulnerability was found in mapoor voteapp. It has been rated as critical. Affected by this issue is the function create_poll/do_poll/show_poll/show_refresh of the file app.py. The manipulation leads to sql injection. The patch is identified as b290c21a0d8bcdbd55db860afd3cadec97388e72. It is recommended to apply a patch to fix this issue. VDB-217790 is the identifier assigned to this vulnerability.
CWE: ['CWE-89']
CWE Description: 
",4.0,1150.0,6.0,0.6316554546356201
111_general.py,"1. Whether the code is vulnerable or not. Tell me YES or NO.
   - YES

2. If YES, please list the vulnerabilities type, the vulnerable lines, and the reason.

   - **Vulnerability Type**: SQL Injection
     - **Vulnerable Lines**: The `ArrayAgg` and `StringAgg` classes use templates for SQL functions that include `%(expressions)s` and `%(ordering)s`.
     - **Reason**: If the expressions or ordering parameters are not properly sanitized or validated, they could be manipulated to inject malicious SQL code. This is particularly concerning if user input is directly or indirectly used to construct these expressions or ordering clauses.

3. If NO, please tell me the reason.
   - N/A

4. If you are not sure, please tell me the reason.
   - N/A

**Recommendation**: Ensure that any input used in constructing SQL queries is properly sanitized and validated. Use parameterized queries or ORM features that automatically handle escaping and validation to prevent SQL injection vulnerabilities.","CVE: CVE-2020-7471
CVE Description: Django 1.11 before 1.11.28, 2.2 before 2.2.10, and 3.0 before 3.0.3 allows SQL Injection if untrusted data is used as a StringAgg delimiter (e.g., in Django applications that offer downloads of data as a series of rows with a user-specified column delimiter). By passing a suitably crafted delimiter to a contrib.postgres.aggregates.StringAgg instance, it was possible to break escaping and inject malicious SQL.
CWE: ['CWE-89']
CWE Description: 
",4.0,900.0,6.0,0.8437869548797607
112_views.py,"1. Whether the code is vulnerable or not. Tell me YES or NO.
   - YES

2. If YES, please list the vulnerabilities type, the vulnerable lines, and the reason.

   - **SQL Injection**:
     - **Vulnerable Lines**: Lines involving `cursor.execute()` in the `RouterAjax` class.
     - **Reason**: The SQL query is constructed using string concatenation with user input (`ids`), which can lead to SQL injection if the input is not properly sanitized. Although parameterized queries are used for `ids`, the SQL string itself is constructed unsafely.

   - **Improper Input Validation**:
     - **Vulnerable Lines**: Lines involving `coords` in `SearchAjax` and `GeoJsonAjax` classes.
     - **Reason**: The code directly converts user input to floats without proper validation or error handling. This can lead to exceptions if the input is not a valid float.

   - **Potential XML External Entity (XXE) Attack**:
     - **Vulnerable Lines**: Lines involving `ET.fromstring(response.text)` in the `NiceRideAjax` class.
     - **Reason**: The code uses `xml.etree.ElementTree` to parse XML data from an external source without disabling external entity processing, which can lead to XXE attacks.

3. If NO, please tell me the reason.
   - N/A

4. If you are not sure, please tell me the reason.
   - N/A

To mitigate these vulnerabilities, consider using parameterized queries properly, validating and sanitizing all user inputs, and using secure XML parsers that disable external entity processing.","CVE: CVE-2015-10060
CVE Description: A vulnerability was found in MNBikeways database and classified as critical. This issue affects some unknown processing of the file Data/views.py. The manipulation of the argument id1/id2 leads to sql injection. The identifier of the patch is 829a027aca7c17f5a7ec1addca8dd5d5542f86ac. It is recommended to apply a patch to fix this issue. The identifier VDB-218417 was assigned to this vulnerability.
CWE: ['CWE-89']
CWE Description: 
",2.0,1034.0,7.0,0.9690513610839844
113_postgres_cluster_driver.py,"1. Whether the code is vulnerable or not. Tell me YES or NO.
   - YES

2. If YES, please list the vulnerabilities type, the vulnerable lines, and the reason.

   - **Vulnerability Type**: SQL Injection
     - **Vulnerable Lines**: 
       - Line 64: `c.execute('''DROP DATABASE ""{}"";'''.format(n))`
       - Line 76: `c.execute('''DROP USER ""{}"";'''.format(get_normalized_username(un)))`
     - **Reason**: The code uses Python's string formatting to construct SQL queries, which can lead to SQL injection if the input is not properly sanitized. Although the input is enclosed in double quotes, it is still possible for an attacker to inject malicious SQL if they can control the input values.

   - **Vulnerability Type**: Potential Logic Error
     - **Vulnerable Lines**: 
       - Line 7: `u = ('@'.join([cfg['username'], cfg['server']]), cfg['username'])[('server' in cfg) == False]`
     - **Reason**: The logic for determining the value of `u` is complex and potentially error-prone. If `cfg['server']` is not present, it defaults to `cfg['username']`, which might not be the intended behavior. This could lead to incorrect connection parameters being used.

3. If NO, please tell me the reason.
   - N/A

4. If you are not sure, please tell me the reason.
   - N/A

**Recommendations**:
- Use parameterized queries for all SQL statements to prevent SQL injection vulnerabilities.
- Simplify and clarify the logic for determining the connection parameters to avoid potential logic errors.","CVE: CVE-2018-25088
CVE Description: A vulnerability, which was classified as critical, was found in Blue Yonder postgraas_server up to 2.0.0b2. Affected is the function _create_pg_connection/create_postgres_db of the file postgraas_server/backends/postgres_cluster/postgres_cluster_driver.py of the component PostgreSQL Backend Handler. The manipulation leads to sql injection. Upgrading to version 2.0.0 is able to address this issue. The patch is identified as 7cd8d016edc74a78af0d81c948bfafbcc93c937c. It is recommended to upgrade the affected component. VDB-234246 is the identifier assigned to this vulnerability.
CWE: ['CWE-89']
CWE Description: 
",4.0,1096.0,7.0,0.8206367492675781
114_act.py,"1. Whether the code is vulnerable or not. Tell me YES or NO.
   - YES

2. If YES, please list the vulnerabilities type, the vulnerable lines, and the reason.

   - **Improper Handling of User Input (Potential Command Injection):**
     - **Vulnerable Lines:** The `act` command method, specifically where `ctx.invoked_with` is used to fetch custom messages.
     - **Reason:** The `ctx.invoked_with` is directly used in fetching custom messages and in API requests without proper validation or sanitization. If `ctx.invoked_with` can be influenced by user input, it might lead to unexpected behavior or command injection.

   - **Improper Handling of API Keys:**
     - **Vulnerable Lines:** The `initialize` method and the `act` command method where the Tenor API key is used.
     - **Reason:** The Tenor API key is fetched and used without checking if it is valid or properly secured. If the key is exposed or misused, it could lead to unauthorized API access.

   - **Potential Information Disclosure:**
     - **Vulnerable Lines:** The `repl` method where `getattr(target, attr)` is used.
     - **Reason:** The method attempts to access attributes of a `discord.Member` object based on user input. If not properly controlled, this could lead to unintended information disclosure about the member object.

   - **Improper Error Handling:**
     - **Vulnerable Lines:** The `on_command_error` method.
     - **Reason:** The method changes the command context to `self.act` on certain errors without proper logging or handling, which might lead to unexpected behavior or make debugging difficult.

3. If NO, please tell me the reason.
   - N/A

4. If you are not sure, please tell me the reason.
   - N/A

To mitigate these vulnerabilities, consider implementing input validation and sanitization, secure handling of API keys, and robust error handling with proper logging.","CVE: CVE-2020-15172
CVE Description: The Act module for Red Discord Bot before commit 6b9f3b86 is vulnerable to Remote Code Execution. With this exploit, Discord users can use specially crafted messages to perform destructive actions and/or access sensitive information. Unloading the Act module with `unload act` can render this exploit inaccessible.
CWE: ['CWE-502']
CWE Description: 
",4.0,1054.0,7.0,0.7247841358184814
115_config.py,"1. Whether the code is vulnerable or not. Tell me YES or NO.
   - YES

2. If YES, please list the vulnerabilities type, the vulnerable lines, and the reason.
   - Vulnerability Type: YAML Deserialization
     - Vulnerable Line: `parsed_yaml = yaml.load(file.read(), Loader=yaml.SafeLoader)`
     - Reason: Although the code uses `yaml.SafeLoader`, which is generally safe against arbitrary code execution, it is still recommended to use `yaml.safe_load()` directly for better clarity and to avoid potential misuse in the future. The `yaml.load()` function can be dangerous if the loader is not specified or if a different loader is used, as it can lead to arbitrary code execution when processing untrusted YAML input.

3. If NO, please tell me the reason.
   - N/A

4. If you are not sure, please tell me the reason.
   - N/A","CVE: CVE-2021-39207
CVE Description: parlai is a framework for training and evaluating AI models on a variety of openly available dialogue datasets. In affected versions the package is vulnerable to YAML deserialization attack caused by unsafe loading which leads to Arbitary code execution. This security bug is patched by avoiding unsafe loader users should update to version above v1.1.0. If upgrading is not possible then users can change the Loader used to SafeLoader as a workaround. See commit 507d066ef432ea27d3e201da08009872a2f37725 for details.
CWE: ['CWE-502']
CWE Description: 
",4.0,902.0,7.0,0.8101925849914551
116_utils.py,"1. Whether the code is vulnerable or not. Tell me YES or NO.
   - YES

2. If YES, please list the vulnerabilities type, the vulnerable lines, and the reason.

   - **Improper Exception Handling**: 
     - Vulnerable Line: `except:`
     - Reason: The code uses a bare `except:` which catches all exceptions, including system-exiting exceptions like `SystemExit`, `KeyboardInterrupt`, and `GeneratorExit`. This can lead to unexpected behavior and make debugging difficult. It is recommended to catch specific exceptions.

   - **Environment Variable Dependency**:
     - Vulnerable Lines: `self.c = os.environ.get(""OVERSEER_STORE"")`, `self.b = os.environ.get(""AUTHZ_FILE"", ""privilege.yml"")`
     - Reason: The code relies on environment variables for configuration. If these variables are not set or are set incorrectly, it could lead to unexpected behavior or security issues. It's important to validate and handle cases where these environment variables might not be set.

   - **Potential Insecure YAML Loading**:
     - Vulnerable Line: `a = load_yaml(self.b)`
     - Reason: If `load_yaml` is not securely implemented, it could be vulnerable to YAML deserialization attacks, especially if the YAML file can be controlled by an attacker. Ensure that `load_yaml` is safe and does not execute arbitrary code.

   - **Dynamic Import Based on Environment Variable**:
     - Vulnerable Lines: The import statements within the conditional blocks based on `b`.
     - Reason: The code dynamically imports modules based on the value of an environment variable. If an attacker can influence the environment variable, they might be able to control which module is imported, potentially leading to code execution vulnerabilities.

3. If NO, please tell me the reason.
   - N/A

4. If you are not sure, please tell me the reason.
   - N/A","CVE: CVE-2022-31605
CVE Description: NVFLARE, versions prior to 2.1.2, contains a vulnerability in its utils module, where YAML files are loaded via yaml.load() instead of yaml.safe_load(). The deserialization of Untrusted Data, may allow an unprivileged network attacker to cause Remote Code Execution, Denial Of Service, and Impact to both Confidentiality and Integrity.
CWE: ['CWE-502']
CWE Description: 
",2.0,1049.0,7.0,0.7132172584533691
117_conn.py,"1. Whether the code is vulnerable or not. Tell me YES or NO.
   - YES

2. If YES, please list the vulnerabilities type, the vulnerable lines, and the reason.

   - **Vulnerability Type: Denial of Service (DoS)**
     - **Vulnerable Lines:** `receive_til_end` function and `receive_and_process` function.
     - **Reason:** The code reads data from a socket in a loop without a proper mechanism to limit the number of iterations or handle large amounts of data efficiently. This can lead to a Denial of Service (DoS) if an attacker sends a large amount of data, causing the server to consume excessive memory or CPU resources.

   - **Vulnerability Type: Buffer Overflow**
     - **Vulnerable Lines:** `receive_til_end` function, line `c = str(sock.recv(1024), ""utf-8"")`.
     - **Reason:** The code reads data from a socket into a buffer without checking if the buffer size is exceeded before appending. Although there is a check for `MAX_DATA_SIZE`, the buffer `a` can grow indefinitely until the `end` character is found, potentially leading to a buffer overflow.

   - **Vulnerability Type: Improper Input Validation**
     - **Vulnerable Lines:** `receive_til_end` function and `receive_and_process` function.
     - **Reason:** The code does not validate the input data properly before processing it. This can lead to unexpected behavior if the input data is malformed or contains unexpected characters.

3. If NO, please tell me the reason.
   - N/A

4. If you are not sure, please tell me the reason.
   - N/A","CVE: CVE-2022-31604
CVE Description: NVFLARE, versions prior to 2.1.2, contains a vulnerability in its PKI implementation module, where The CA credentials are transported via pickle and no safe deserialization. The deserialization of Untrusted Data may allow an unprivileged network attacker to cause Remote Code Execution, Denial Of Service, and Impact to both Confidentiality and Integrity.
CWE: ['CWE-502']
CWE Description: 
",2.0,1009.0,7.0,0.5308444499969482
118_bookmarkmanager.py,"1. Whether the code is vulnerable or not. Tell me YES or NO.
   - YES

2. If YES, please list the vulnerabilities type, the vulnerable lines, and the reason.

   - **Insecure File Handling**:
     - **Vulnerable Lines**: Lines involving `lopen(filename, 'wb')` and `lopen(filename, 'rb')` in `export_bookmarks` and `import_bookmarks` methods.
     - **Reason**: The code uses `lopen` (which seems to be a typo or a custom function, assuming it behaves like Python's built-in `open`) to open files for reading and writing without any validation or sanitization of the `filename`. This can lead to directory traversal attacks if an attacker can control the `filename` variable, potentially allowing them to read or write arbitrary files on the filesystem.

   - **Potential JSON Injection**:
     - **Vulnerable Lines**: `fileobj.write(json.dumps(self.get_bookmarks(), indent=True))` in `export_bookmarks`.
     - **Reason**: If the bookmarks data contains untrusted input, it could lead to JSON injection. While JSON itself is not directly executable, if this data is later used in a context where it is parsed or executed, it could lead to security issues.

   - **Lack of Input Validation**:
     - **Vulnerable Lines**: `imported = json.load(fileobj)` in `import_bookmarks`.
     - **Reason**: The code does not validate the structure or content of the JSON data being loaded. This could lead to unexpected behavior or errors if the JSON structure is not as expected.

3. If NO, please tell me the reason.
   - N/A

4. If you are not sure, please tell me the reason.
   - N/A

To mitigate these vulnerabilities, consider implementing file path validation and sanitization, ensuring that JSON data is properly validated before use, and handling file operations securely.","CVE: CVE-2018-7889
CVE Description: gui2/viewer/bookmarkmanager.py in Calibre 3.18 calls cPickle.load on imported bookmark data, which allows remote attackers to execute arbitrary code via a crafted .pickle file, as demonstrated by Python code that contains an os.system call.
CWE: ['CWE-502']
CWE Description: 
",2.0,1029.0,7.0,1.2363958358764648
119_test_nym_auth_rules.py,"1. Whether the code is vulnerable or not. Tell me YES or NO.
   - YES

2. If YES, please list the vulnerabilities type, the vulnerable lines, and the reason.

   - **Improper Authorization Checks**:
     - **Vulnerable Lines**: The `auth_check` function, specifically the logic within `check_promotion` and `check_demotion`.
     - **Reason**: The authorization logic in `auth_check` is complex and may not cover all edge cases correctly. For instance, the logic for checking promotions and demotions is based on roles but does not account for all possible transitions or combinations of roles. This could lead to unauthorized role changes if the logic does not correctly enforce the intended policy.

   - **Hardcoded Secrets**:
     - **Vulnerable Lines**: Lines where `data['seeds'][did_name]` is set.
     - **Reason**: The code uses predictable seeds for DID creation (`did_name + '0' * (32 - len(did_name))`). This predictability can lead to security issues, as an attacker could potentially guess the seed and thus the DID and verkey.

   - **Global State Usage**:
     - **Vulnerable Lines**: The use of global variables `dids` and `did_editor_others`.
     - **Reason**: The use of global state can lead to unintended side effects and makes the code harder to reason about. It can also introduce concurrency issues if the code is run in a multi-threaded or multi-process environment.

   - **Lack of Input Validation**:
     - **Vulnerable Lines**: The `sign_and_validate` function.
     - **Reason**: The function does not perform thorough validation on the `op` dictionary before using it to generate a request. This could lead to malformed requests being processed, potentially causing unexpected behavior or security issues.

3. If NO, please tell me the reason.
   - N/A

4. If you are not sure, please tell me the reason.
   - N/A","CVE: CVE-2020-11093
CVE Description: Hyperledger Indy Node is the server portion of a distributed ledger purpose-built for decentralized identity. In Hyperledger Indy before version 1.12.4, there is lack of signature verification on a specific transaction which enables an attacker to make certain unauthorized alterations to the ledger. Updating a DID with a nym transaction will be written to the ledger if neither ROLE or VERKEY are being changed, regardless of sender. A malicious DID with no particular role can ask an update for another DID (but cannot modify its verkey or role). This is bad because 1) Any DID can write a nym transaction to the ledger (i.e., any DID can spam the ledger with nym transactions), 2) Any DID can change any other DID's alias, 3) The update transaction modifies the ledger metadata associated with a DID.
CWE: ['CWE-347']
CWE Description: 
",2.0,1181.0,7.0,0.8215594291687012
120_utils.py,"1. Whether the code is vulnerable or not. Tell me YES or NO.
   - YES

2. If YES, please list the vulnerabilities type, the vulnerable lines, and the reason.

   - **Improper Certificate Validation**:
     - **Vulnerable Lines**: Lines involving `_get_cert_url` method and `regex_cert_url`.
     - **Reason**: The code uses a regex pattern to validate certificate URLs, but it does not enforce strict domain validation. This could allow an attacker to use a crafted URL that matches the regex but is not a legitimate AWS domain. The warning about configuring the full domain in `EVENT_CERT_DOMAINS` suggests that the current implementation might not be secure enough.

   - **Use of Deprecated Hash Function**:
     - **Vulnerable Lines**: `hashes.SHA1()` in the `is_verified` method.
     - **Reason**: SHA-1 is considered deprecated and vulnerable to collision attacks. It is recommended to use a more secure hash function like SHA-256.

   - **Potential Insecure URL Handling**:
     - **Vulnerable Lines**: `urlopen(subscribe_url).read()` in the `confirm_sns_subscription` function.
     - **Reason**: The code does not validate the `subscribe_url` before opening it. This could lead to SSRF (Server-Side Request Forgery) if an attacker can control the `SubscribeURL` field in the notification.

3. If NO, please tell me the reason.
   - N/A

4. If you are not sure, please tell me the reason.
   - N/A","CVE: CVE-2023-33185
CVE Description: Django-SES is a drop-in mail backend for Django. The django_ses library implements a mail backend for Django using AWS Simple Email Service. The library exports the `SESEventWebhookView class` intended to receive signed requests from AWS to handle email bounces, subscriptions, etc. These requests are signed by AWS and are verified by django_ses, however the verification of this signature was found to be flawed as it allowed users to specify arbitrary public certificates. This issue was patched in version 3.5.0.
CWE: ['CWE-347']
CWE Description: 
",4.0,1033.0,7.0,0.9312853813171388
121_test_imagecolor.py,"1. Whether the code is vulnerable or not. Tell me YES or NO.
   - NO

2. If YES, please list the vulnerabilities type, the vulnerable lines, and the reason.
   - Not applicable.

3. If NO, please tell me the reason.
   - The provided code is a set of test cases using the `pytest` framework to validate the functionality of the `ImageColor` module from the Python Imaging Library (PIL). The code is designed to test various color parsing functions and ensure they raise appropriate exceptions when given invalid input. There are no apparent security vulnerabilities in this code as it does not handle user input or perform any operations that could lead to security issues such as injection attacks, buffer overflows, or unauthorized access.

4. If you are not sure, please tell me the reason.
   - Not applicable.","CVE: CVE-2021-23437
CVE Description: The package pillow 5.2.0 and before 8.3.2 are vulnerable to Regular Expression Denial of Service (ReDoS) via the getrgb function.
CWE: ['CWE-125']
CWE Description: 
",1.0,810.0,7.0,0.7707087993621826
122_test_sgi_crash.py,"1. Whether the code is vulnerable or not. Tell me YES or NO.

   YES.

2. If YES, please list the vulnerabilities type, the vulnerable lines, and the reason.

   - **Vulnerability Type**: Denial of Service (DoS)
   - **Vulnerable Lines**: The lines within the `test_crashes` function, specifically the `Image.open(v1)` and `v2.load()` calls.
   - **Reason**: The code is opening image files that are known to cause crashes or other unexpected behavior. These files are likely crafted to exploit vulnerabilities in the image processing library (PIL in this case). If these vulnerabilities are not patched, they could lead to a Denial of Service (DoS) attack by causing the application to crash or hang when processing these files.

3. If NO, please tell me the reason.

   N/A

4. If you are not sure, please tell me the reason.

   N/A","CVE: CVE-2021-25293
CVE Description: An issue was discovered in Pillow before 8.1.1. There is an out-of-bounds read in SGIRleDecode.c.
CWE: ['CWE-125']
CWE Description: 
",2.0,828.0,7.0,0.7495300769805908
123_test_tiff_crashes.py,"1. Whether the code is vulnerable or not. Tell me YES or NO.

   YES

2. If YES, please list the vulnerabilities type, the vulnerable lines, and the reason.

   - **Vulnerability Type**: Unhandled Exceptions
     - **Vulnerable Lines**: The `except OSError:` block.
     - **Reason**: The code catches `OSError` but does not handle it in a meaningful way. This could potentially hide issues related to file corruption or other I/O problems that should be logged or handled differently. Simply passing on an `OSError` might lead to ignoring critical errors that could affect the program's behavior or security.

   - **Vulnerability Type**: Incomplete Error Handling
     - **Vulnerable Lines**: The `except FileNotFoundError:` block.
     - **Reason**: The code checks if the test is running on a CI environment using `on_ci()` and skips the test if the file is not found. However, if `on_ci()` returns `True`, the `FileNotFoundError` is raised without any additional context or logging. This could lead to confusion or difficulty in diagnosing issues when running tests in CI environments.

3. If NO, please tell me the reason.

   N/A

4. If you are not sure, please tell me the reason.

   N/A","CVE: CVE-2021-25291
CVE Description: An issue was discovered in Pillow before 8.1.1. In TiffDecode.c, there is an out-of-bounds read in TiffreadRGBATile via invalid tile boundaries.
CWE: ['CWE-125']
CWE Description: 
",2.0,910.0,7.0,0.7866384983062744
124_test_tiff_crashes.py,"1. Whether the code is vulnerable or not. Tell me YES or NO.

   YES

2. If YES, please list the vulnerabilities type, the vulnerable lines, and the reason.

   - **Vulnerability Type**: Denial of Service (DoS)
     - **Vulnerable Lines**: The entire `test_tiff_crashes` function.
     - **Reason**: The code attempts to open and load a series of TIFF images without any validation or size checks. If any of these images are maliciously crafted to be extremely large or complex, it could lead to excessive memory consumption or processing time, potentially causing a denial of service.

   - **Vulnerability Type**: Unhandled Exceptions
     - **Vulnerable Lines**: The `except OSError:` block.
     - **Reason**: The code catches `OSError` but does not handle it in a meaningful way. This could potentially hide issues related to file corruption or other I/O problems, making it difficult to diagnose problems or detect malicious files.

3. If NO, please tell me the reason.

   N/A

4. If you are not sure, please tell me the reason.

   N/A","CVE: CVE-2021-25290
CVE Description: An issue was discovered in Pillow before 8.1.1. In TiffDecode.c, there is a negative-offset memcpy with an invalid size.
CWE: ['CWE-787']
CWE Description: 
",2.0,870.0,7.0,0.7659831047058105
125_test_tiff_crashes.py,"1. Whether the code is vulnerable or not. Tell me YES or NO.

   YES

2. If YES, please list the vulnerabilities type, the vulnerable lines, and the reason.

   - **Vulnerability Type**: Uncontrolled Resource Consumption (Denial of Service)
     - **Vulnerable Lines**: 
       ```python
       im = Image.open(test_file)
       im.load()
       ```
     - **Reason**: The code attempts to open and load TIFF files without any checks on the file size or content. Maliciously crafted TIFF files can be used to consume excessive memory or processing power, leading to a Denial of Service (DoS) attack. The `Image.open()` and `im.load()` methods can be resource-intensive, especially if the file is large or malformed.

   - **Vulnerability Type**: Inadequate Exception Handling
     - **Vulnerable Lines**: 
       ```python
       except OSError:
           pass
       ```
     - **Reason**: The code catches `OSError` and simply passes without any logging or handling. This can lead to silent failures where the root cause of the error is not addressed or logged, making it difficult to diagnose issues or detect malicious files.

3. If NO, please tell me the reason.

   N/A

4. If you are not sure, please tell me the reason.

   N/A","CVE: CVE-2021-25289
CVE Description: An issue was discovered in Pillow before 8.1.1. TiffDecode has a heap-based buffer overflow when decoding crafted YCbCr files because of certain interpretation conflicts with LibTIFF in RGBA mode. NOTE: this issue exists because of an incomplete fix for CVE-2020-35654.
CWE: ['CWE-787']
CWE Description: 
",2.0,925.0,7.0,1.1765415668487549
126_httpcommon.py,"1. Whether the code is vulnerable or not. Tell me YES or NO.
   - YES

2. If YES, please list the vulnerabilities type, the vulnerable lines, and the reason.

   - **Improper Exception Handling**: 
     - Vulnerable Lines: `except:` in `makeTrustRoot` method.
     - Reason: The use of a bare `except:` clause can catch unexpected exceptions, including system-exiting exceptions like `SystemExit` and `KeyboardInterrupt`, which can lead to debugging difficulties and potentially mask other errors. It is recommended to catch specific exceptions.

   - **Resource Management (File Handling)**:
     - Vulnerable Lines: `fp = open(privKeyAndCertFilename)` and `fp = open(caCertFilename)`
     - Reason: The code opens files without using a context manager (`with` statement). This can lead to resource leaks if an exception occurs before the file is closed. Using a context manager ensures that the file is properly closed even if an error occurs.

   - **Logging Sensitive Information**:
     - Vulnerable Lines: `logger.warn(""Using custom CA cert file: %s"", caCertFilename)`
     - Reason: Logging sensitive information such as file paths can lead to information disclosure vulnerabilities. This information could be useful to an attacker for reconnaissance purposes.

3. If NO, please tell me the reason.
   - N/A

4. If you are not sure, please tell me the reason.
   - N/A","CVE: CVE-2021-29430
CVE Description: Sydent is a reference Matrix identity server. Sydent does not limit the size of requests it receives from HTTP clients. A malicious user could send an HTTP request with a very large body, leading to memory exhaustion and denial of service. Sydent also does not limit response size for requests it makes to remote Matrix homeservers. A malicious homeserver could return a very large response, again leading to memory exhaustion and denial of service. This affects any server which accepts registration requests from untrusted clients. This issue has been patched by releases 89071a1, 0523511, f56eee3. As a workaround request sizes can be limited in an HTTP reverse-proxy. There are no known workarounds for the problem with overlarge responses.
CWE: ['CWE-20', 'CWE-400', 'CWE-770']
CWE Description: 
",2.0,1047.0,7.0,1.5891928672790527
127_page_admin_users.py,"1. Whether the code is vulnerable or not. Tell me YES or NO.
   - YES

2. If YES, please list the vulnerabilities type, the vulnerable lines, and the reason.

   - **Improper Input Validation**:
     - **Vulnerable Lines**: The `default` method in the `AdminUsersPage` class.
     - **Reason**: The `username` parameter is directly used in operations like `UserObject.get_user(username)` and `UserObject.add_user(username)` without proper validation or sanitization. This could lead to potential injection attacks if the `username` is not properly handled within these methods.

   - **Cross-Site Scripting (XSS)**:
     - **Vulnerable Lines**: The `flash` function calls throughout the code.
     - **Reason**: If the `flash` function does not properly escape user input, it could lead to XSS vulnerabilities. For example, error messages or user data that are directly included in the flash messages could be exploited if not properly sanitized.

   - **Insecure Direct Object References (IDOR)**:
     - **Vulnerable Lines**: The `validate_role` and `validate_mfa` methods in the `UserForm` class.
     - **Reason**: These methods check if the current user is trying to change their own role or MFA settings. However, if the `currentuser` object is not securely managed, it could be manipulated to change roles or MFA settings of other users.

   - **Lack of CSRF Protection**:
     - **Vulnerable Lines**: The `default` method in the `AdminUsersPage` class.
     - **Reason**: There is no indication of CSRF protection mechanisms in place for form submissions, which could allow attackers to perform actions on behalf of authenticated users.

3. If NO, please tell me the reason.
   - N/A

4. If you are not sure, please tell me the reason.
   - N/A

Overall, the code has several potential vulnerabilities related to input validation, XSS, IDOR, and CSRF protection. Proper validation, sanitization, and security mechanisms should be implemented to mitigate these risks.","CVE: CVE-2022-3364
CVE Description: Allocation of Resources Without Limits or Throttling in GitHub repository ikus060/rdiffweb prior to 2.5.0a3.
CWE: ['CWE-770']
CWE Description: 
",2.0,1068.0,7.0,0.8717844486236572
128_fields.py,"1. Whether the code is vulnerable or not. Tell me YES or NO.
   - YES

2. If YES, please list the vulnerabilities type, the vulnerable lines, and the reason.
   - **Vulnerability Type**: Insecure File Handling
     - **Vulnerable Lines**: Lines involving `os.path.splitext(f.name)[1].lower()[1:]` and `willow.Image.open(file)`
     - **Reason**: The code does not validate the file name or path properly before using it. This could potentially lead to directory traversal attacks if the file name is manipulated. Additionally, the use of `willow.Image.open(file)` without proper validation of the file content could lead to security issues if the file is not a valid image or is maliciously crafted.

   - **Vulnerability Type**: Insufficient Error Handling
     - **Vulnerable Lines**: `except Exception as exc:`
     - **Reason**: Catching a broad exception like `Exception` can mask different types of errors, including those that might indicate a security issue. It is better to catch specific exceptions.

   - **Vulnerability Type**: Potential Denial of Service (DoS)
     - **Vulnerable Lines**: `f.image.get_size()` and `f.image.get_frame_count()`
     - **Reason**: The code does not limit the amount of memory or processing time used when handling large images. An attacker could upload a very large image or a specially crafted image with many frames to consume excessive resources, leading to a denial of service.

3. If NO, please tell me the reason.
   - N/A

4. If you are not sure, please tell me the reason.
   - N/A","CVE: CVE-2023-28837
CVE Description: Wagtail is an open source content management system built on Django. Prior to versions 4.1.4 and 4.2.2, a memory exhaustion bug exists in Wagtail's handling of uploaded images and documents. For both images and documents, files are loaded into memory during upload for additional processing. A user with access to upload images or documents through the Wagtail admin interface could upload a file so large that it results in a crash of denial of service. The vulnerability is not exploitable by an ordinary site visitor without access to the Wagtail admin. It can only be exploited by admin users with permission to upload images or documents. Image uploads are restricted to 10MB by default, however this validation only happens on the frontend and on the backend after the vulnerable code. Patched versions have been released as Wagtail 4.1.4 and Wagtail 4.2.2). Site owners who are unable to upgrade to the new versions are encouraged to add extra protections outside of Wagtail to limit the size of uploaded files.
CWE: ['CWE-400', 'CWE-770']
CWE Description: 
",4.0,1147.0,7.0,0.7125561237335205
129_page_admin_users.py,"1. Whether the code is vulnerable or not. Tell me YES or NO.
   - YES

2. If YES, please list the vulnerabilities type, the vulnerable lines, and the reason.

   - **Improper Error Handling**:
     - **Vulnerable Lines**: Multiple instances throughout the code, such as in `populate_obj` method of `UserForm` class and `new` method of `AdminUsersPage` class.
     - **Reason**: The code catches generic exceptions (`Exception`) and uses them to flash error messages. This can lead to information disclosure if the exception messages are exposed to users, potentially revealing sensitive information about the system.

   - **Cross-Site Scripting (XSS)**:
     - **Vulnerable Lines**: Potentially in the `flash` function calls throughout the code.
     - **Reason**: If user input is included in flash messages without proper sanitization, it could lead to XSS vulnerabilities. The code does not show how `flash` is implemented, so if it directly outputs messages without escaping, it could be vulnerable.

   - **Lack of CSRF Protection**:
     - **Vulnerable Lines**: Methods like `new`, `edit`, and `delete` in `AdminUsersPage` class.
     - **Reason**: The code does not show any CSRF protection mechanisms (like tokens) for form submissions, which could allow attackers to perform actions on behalf of authenticated users.

   - **Insecure Direct Object References (IDOR)**:
     - **Vulnerable Lines**: Methods like `edit` and `delete` in `AdminUsersPage` class.
     - **Reason**: The code allows direct access to user data based on usernames without additional authorization checks. This could allow users to modify or delete other users' data if they know the username.

   - **Improper Access Control**:
     - **Vulnerable Lines**: `delete` method in `AdminUsersPage` class.
     - **Reason**: The method checks if the username to be deleted matches the current user's username to prevent self-deletion, but it does not check if the current user has the necessary permissions to delete other users.

3. If NO, please tell me the reason.
   - N/A

4. If you are not sure, please tell me the reason.
   - N/A","CVE: CVE-2023-5289
CVE Description: Allocation of Resources Without Limits or Throttling in GitHub repository ikus060/rdiffweb prior to 2.8.4.
CWE: ['CWE-770']
CWE Description: 
",2.0,1101.0,7.0,1.0228042602539062
130___main__.py,"1. Whether the code is vulnerable or not. Tell me YES or NO.
   - YES

2. If YES, please list the vulnerabilities type, the vulnerable lines, and the reason.
   - **Vulnerability Type**: XML External Entity (XXE) Injection
     - **Vulnerable Lines**: Line 18 (`_3.add_argument('-u', '--unsafe', action='store_true', help='fetch external files, resolve XML entities and allow very large files (WARNING: vulnerable to XXE attacks and various DoS)')`)
     - **Reason**: The `--unsafe` flag explicitly allows fetching external files and resolving XML entities, which can lead to XXE attacks. This can allow attackers to read arbitrary files from the file system or cause denial of service (DoS) by exploiting XML parsing vulnerabilities.

   - **Vulnerability Type**: Insecure File Handling
     - **Vulnerable Lines**: Line 41 (`'write_to': (_1.buffer if _4.output == '-' else _4.output)`)
     - **Reason**: The code writes output to a file specified by the user without validating or sanitizing the file path. This can lead to directory traversal attacks if the output path is not properly controlled.

   - **Vulnerability Type**: Insecure URL Handling
     - **Vulnerable Lines**: Line 36 (`_16['url'] = _4.input`)
     - **Reason**: The code assigns a user-provided input directly to a URL parameter without validation. This can lead to server-side request forgery (SSRF) if the input is not properly validated or sanitized.

3. If NO, please tell me the reason.
   - N/A

4. If you are not sure, please tell me the reason.
   - N/A","CVE: CVE-2023-27586
CVE Description: CairoSVG is an SVG converter based on Cairo, a 2D graphics library. Prior to version 2.7.0, Cairo can send requests to external hosts when processing SVG files. A malicious actor could send a specially crafted SVG file that allows them to perform a server-side request forgery or denial of service. Version 2.7.0 disables CairoSVG's ability to access other files online by default.
CWE: ['CWE-918']
CWE Description: 
",4.0,1051.0,7.0,0.7396764755249023
131___init__.py,"1. Whether the code is vulnerable or not. Tell me YES or NO.
   - YES

2. If YES, please list the vulnerabilities type, the vulnerable lines, and the reason.

   - **Improper Exception Handling**: 
     - Vulnerable Lines: 234-236, 239-241, 243-245
     - Reason: The code logs exceptions but continues execution without handling them properly. This can lead to unexpected behavior or security issues if the exceptions are not addressed.

   - **Hardcoded Credentials**:
     - Vulnerable Lines: 198-199
     - Reason: The code retrieves username and password from the configuration, which might be hardcoded. This can lead to security risks if the configuration is exposed.

   - **Potential SQL Injection**:
     - Vulnerable Lines: 153, 172
     - Reason: The code constructs SQL queries using string formatting, which can be vulnerable to SQL injection if user input is not properly sanitized.

   - **Insecure Default Configuration**:
     - Vulnerable Lines: 198-199
     - Reason: The code assumes that authentication details might not be required, which can lead to insecure default configurations if not properly set.

   - **Lack of Input Validation**:
     - Vulnerable Lines: 153, 172
     - Reason: The code does not validate or sanitize inputs before using them in SQL queries, which can lead to SQL injection vulnerabilities.

3. If NO, please tell me the reason.
   - N/A

4. If you are not sure, please tell me the reason.
   - N/A","CVE: CVE-2021-43780
CVE Description: Redash is a package for data visualization and sharing. In versions 10.0 and priorm the implementation of URL-loading data sources like JSON, CSV, or Excel is vulnerable to advanced methods of Server Side Request Forgery (SSRF). These vulnerabilities are only exploitable on installations where a URL-loading data source is enabled. As of time of publication, the `master` and `release/10.x.x` branches address this by applying the Advocate library for making http requests instead of the requests library directly. Users should upgrade to version 10.0.1 to receive this patch. There are a few workarounds for mitigating the vulnerability without upgrading. One can disable the vulnerable data sources entirely, by adding the following env variable to one's configuration, making them unavailable inside the webapp. One can switch any data source of certain types (viewable in the GitHub Security Advisory) to be `View Only` for all groups on the Settings > Groups > Data Sources screen. For users unable to update an admin may modify Redash's configuration through environment variables to mitigate this issue. Depending on the version of Redash, an admin may also need to run a CLI command to re-encrypt some fields in the database. The `master` and `release/10.x.x` branches as of time of publication have removed the default value for `REDASH_COOKIE_SECRET`. All future releases will also require this to be set explicitly. For existing installations, one will need to ensure that explicit values are set for the `REDASH_COOKIE_SECRET` and `REDASH_SECRET_KEY `variables.
CWE: ['CWE-918']
CWE Description: 
",2.0,1253.0,7.0,0.7873435020446777
132_recursive_url_loader.py,"1. Whether the code is vulnerable or not. Tell me YES or NO.
   - YES

2. If YES, please list the vulnerabilities type, the vulnerable lines, and the reason.

   - **Vulnerability Type**: SSL/TLS Certificate Verification Disabled
     - **Vulnerable Lines**: 
       - Line 112: `connector=aiohttp.TCPConnector(ssl=False),`
     - **Reason**: Disabling SSL certificate verification (`ssl=False`) can expose the application to man-in-the-middle (MITM) attacks, as it will not verify the authenticity of the server's SSL certificate.

   - **Vulnerability Type**: Insecure HTTP Request
     - **Vulnerable Lines**: 
       - Line 78: `response = requests.get(url, timeout=self.timeout, headers=self.headers)`
     - **Reason**: The code does not enforce HTTPS, allowing potential interception of HTTP requests. This can lead to exposure of sensitive data if the URL is not using HTTPS.

   - **Vulnerability Type**: Potential Denial of Service (DoS)
     - **Vulnerable Lines**: 
       - Line 78: `response = requests.get(url, timeout=self.timeout, headers=self.headers)`
       - Line 112: `async with session.get(url) as response:`
     - **Reason**: The code does not limit the number of recursive requests or handle large responses efficiently, which could be exploited to perform a denial of service attack by causing the application to make excessive requests or process large amounts of data.

3. If NO, please tell me the reason.
   - N/A

4. If you are not sure, please tell me the reason.
   - N/A","CVE: CVE-2023-46229
CVE Description: LangChain before 0.0.317 allows SSRF via document_loaders/recursive_url_loader.py because crawling can proceed from an external server to an internal server.
CWE: ['CWE-918']
CWE Description: 
",2.0,982.0,7.0,0.8376784324645996
133_tests.py,"1. Whether the code is vulnerable or not. Tell me YES or NO.
   - YES

2. If YES, please list the vulnerabilities type, the vulnerable lines, and the reason.

   - **Open Redirect Vulnerability**:
     - **Vulnerable Lines**: 
       - `response = self.client.get(f""{self.proxy_url}?url={self.url}"")` in multiple test methods.
     - **Reason**: The code constructs URLs using user-supplied input (`self.url`) without proper validation or sanitization. This can lead to open redirect vulnerabilities where an attacker can manipulate the URL to redirect users to malicious sites.

   - **Server-Side Request Forgery (SSRF)**:
     - **Vulnerable Lines**: 
       - `response = self.client.get(f""{self.proxy_url}?url={self.url}"")` in multiple test methods.
     - **Reason**: The application fetches URLs based on user input without sufficient validation. This can be exploited to make requests to internal services or other unintended targets.

   - **Path Traversal**:
     - **Vulnerable Lines**: 
       - `url = ""http://example.org/test/test/../../index.html""` in `test_relative_urls`.
     - **Reason**: The code attempts to normalize URLs with path traversal sequences. If not handled correctly, this can lead to accessing unintended resources.

   - **Improper Host Validation**:
     - **Vulnerable Lines**: 
       - `@override_settings(DEBUG=False, PROXY_ALLOWED_HOSTS=())` in `test_validate_host_disabled_not_in_debug`.
     - **Reason**: The code does not properly validate the host when `DEBUG` is set to `False` and `PROXY_ALLOWED_HOSTS` is empty, potentially allowing requests to any host.

3. If NO, please tell me the reason.
   - N/A

4. If you are not sure, please tell me the reason.
   - N/A","CVE: CVE-2023-40017
CVE Description: GeoNode is an open source platform that facilitates the creation, sharing, and collaborative use of geospatial data. In versions 3.2.0 through 4.1.2, the endpoint `/proxy/?url=` does not properly protect against server-side request forgery. This allows an attacker to port scan internal hosts and request information from internal hosts. A patch is available at commit a9eebae80cb362009660a1fd49e105e7cdb499b9.
CWE: ['CWE-918']
CWE Description: 
",4.0,1080.0,7.0,1.1163592338562012
134_launcher.py,"1. Whether the code is vulnerable or not. Tell me YES or NO.
   - YES

2. If YES, please list the vulnerabilities type, the vulnerable lines, and the reason.

   - **Insecure Configuration (Hardcoded Credentials/Settings):**
     - **Vulnerable Lines:** Lines within the `CFG_TEMPLATE` string.
     - **Reason:** The configuration template includes hardcoded settings such as `federation.verifycerts = False`, which disables SSL certificate verification. This can lead to man-in-the-middle attacks as it allows connections to untrusted servers.

   - **Insecure Temporary File Handling:**
     - **Vulnerable Lines:** `tmpdir = tempfile.mkdtemp(prefix='sydenttest')` and subsequent usage.
     - **Reason:** While `tempfile.mkdtemp()` is generally secure, the temporary directory is used to store configuration files and potentially sensitive data without any cleanup mechanism in case of an exception or error during execution. This could lead to information leakage if the temporary directory is not properly secured or cleaned up.

   - **Improper Resource Management:**
     - **Vulnerable Lines:** `stderr_fp = open(os.path.join(testsubject_path, 'sydent.stderr'), 'w')`
     - **Reason:** The file `sydent.stderr` is opened for writing but never explicitly closed. This can lead to resource leaks and potentially leave sensitive information in an open file descriptor.

   - **Use of `Popen` without Proper Sanitization:**
     - **Vulnerable Lines:** `process = Popen(...)`
     - **Reason:** The use of `Popen` with environment variables and arguments that may be influenced by external inputs (e.g., `os.getenv('SYDENT_PYTHON', 'python')`) can lead to command injection if not properly sanitized. Although in this context it seems controlled, it's a potential risk if the environment variables are manipulated.

3. If NO, please tell me the reason.
   - N/A

4. If you are not sure, please tell me the reason.
   - N/A","CVE: CVE-2021-29431
CVE Description: Sydent is a reference Matrix identity server. Sydent can be induced to send HTTP GET requests to internal systems, due to lack of parameter validation or IP address blacklisting. It is not possible to exfiltrate data or control request headers, but it might be possible to use the attack to perform an internal port enumeration. This issue has been addressed in in 9e57334, 8936925, 3d531ed, 0f00412. A potential workaround would be to use a firewall to ensure that Sydent cannot reach internal HTTP resources.
CWE: ['CWE-20', 'CWE-918']
CWE Description: 
",2.0,1148.0,7.0,0.9407920837402344
135_actions.py,"1. Whether the code is vulnerable or not. Tell me YES or NO.
   - YES

2. If YES, please list the vulnerabilities type, the vulnerable lines, and the reason.
   - **Command Injection**: 
     - **Vulnerable Lines**: Lines involving `secure_popen(cmd_full)`
     - **Reason**: The code constructs command strings dynamically using user-provided data (via the `run` method parameters and `chevron.render`). If `cmd_full` is not properly sanitized or validated, it could lead to command injection vulnerabilities. Although the code uses `secure_popen`, which suggests some level of security consideration, without seeing its implementation, it's unclear if it adequately prevents injection attacks.

3. If NO, please tell me the reason.
   - N/A

4. If you are not sure, please tell me the reason.
   - N/A

**Recommendation**: Ensure that `secure_popen` properly sanitizes and validates the command strings to prevent command injection. Consider using safer alternatives like executing commands with argument lists rather than constructing command strings, and ensure that any templating with `chevron.render` does not introduce unsanitized input into command execution.","CVE: CVE-2021-23418
CVE Description: The package glances before 3.2.1 are vulnerable to XML External Entity (XXE) Injection via the use of Fault to parse untrusted XML data, which is known to be vulnerable to XML attacks.
CWE: ['CWE-611']
CWE Description: 
",2.0,869.0,7.0,0.9979684352874756
136__xml.py,"1. Whether the code is vulnerable or not. Tell me YES or NO.
   - YES

2. If YES, please list the vulnerabilities type, the vulnerable lines, and the reason.
   - Vulnerability Type: XML External Entity (XXE) Injection
   - Vulnerable Lines: The vulnerability is primarily due to the use of `_UnsafeXMLParser` from `lxml.etree` without proper configuration to disable all external entity processing.
   - Reason: Although the custom `_XMLParser` class sets `no_network` to `True` and `resolve_entities` to `False`, which mitigates some risks, the use of `_UnsafeXMLParser` can still be risky if not all external entity processing is disabled. The `lxml` library is known to be susceptible to XXE attacks if not properly configured. The `no_network` option prevents network access, but it does not completely eliminate the risk of XXE if local file access is allowed or if other entity resolution features are not fully disabled.

3. If NO, please tell me the reason.
   - N/A

4. If you are not sure, please tell me the reason.
   - N/A","CVE: CVE-2021-29421
CVE Description: models/metadata.py in the pikepdf package 1.3.0 through 2.9.2 for Python allows XXE when parsing XMP metadata entries.
CWE: ['CWE-611']
CWE Description: 
",4.0,878.0,7.0,0.7651824951171875
137_msg.py,"1. Whether the code is vulnerable or not. Tell me YES or NO.
   - YES

2. If YES, please list the vulnerabilities type, the vulnerable lines, and the reason.

   - **XML External Entity (XXE) Injection**:
     - **Vulnerable Lines**: 
       - `root = etree.fromstring(content, parser=etree.XMLParser(resolve_entities=False))` in the `parse` method.
     - **Reason**: Although `resolve_entities=False` is set, which mitigates some risks, using `lxml` or `xml.etree` without proper configuration can still expose the application to XXE attacks if the XML parser is not securely configured. It's safer to use a library that is not vulnerable to XXE by default or ensure that all external entity processing is disabled.

   - **Insecure Hashing Algorithm**:
     - **Vulnerable Lines**: 
       - `hsh = hashlib.sha1(s.encode(""utf-8"")).hexdigest()` in the `validate` method.
     - **Reason**: SHA-1 is considered a weak hashing algorithm due to vulnerabilities that allow for collision attacks. It is recommended to use a more secure hashing algorithm like SHA-256.

   - **Potential Denial of Service (DoS) via Large XML Payloads**:
     - **Vulnerable Lines**: 
       - `root = etree.fromstring(content, parser=etree.XMLParser(resolve_entities=False))` in the `parse` method.
     - **Reason**: Parsing large XML payloads can lead to performance issues or denial of service. There should be checks to limit the size of the incoming XML data.

   - **Lack of Input Validation**:
     - **Vulnerable Lines**: 
       - `echostr = request.args.get('echostr', '')` and similar lines where input is directly used without validation.
     - **Reason**: Inputs from `request.args` and `request.data` are used directly without validation or sanitization, which could lead to injection attacks or other vulnerabilities if the input is not properly handled.

3. If NO, please tell me the reason.
   - N/A

4. If you are not sure, please tell me the reason.
   - N/A","CVE: CVE-2018-25082
CVE Description: A vulnerability was found in zwczou WeChat SDK Python 0.3.0 and classified as critical. This issue affects the function validate/to_xml. The manipulation leads to xml external entity reference. The attack may be initiated remotely. Upgrading to version 0.5.5 is able to address this issue. The patch is named e54abadc777715b6dcb545c13214d1dea63df6c9. It is recommended to upgrade the affected component. The associated identifier of this vulnerability is VDB-223403.
CWE: ['CWE-611']
CWE Description: 
",4.0,1172.0,7.0,0.8826487064361572
138_models.py,"1. Whether the code is vulnerable or not. Tell me YES or NO.
   - YES

2. If YES, please list the vulnerabilities type, the vulnerable lines, and the reason.

   - **Hardcoded Secret/Key**:
     - **Vulnerable Lines**: The `generate_key` function.
     - **Reason**: The function `generate_key` generates a key using `secrets.token_bytes` and encodes it using `b32encode`. While this is generally secure, if the key is used for sensitive operations, it should be stored securely and not hardcoded or exposed in logs or error messages.

   - **Insecure Direct Object Reference (IDOR)**:
     - **Vulnerable Lines**: The `get_object_from_key` function.
     - **Reason**: The function retrieves objects based on a confirmation key and type. If an attacker can guess or obtain a valid confirmation key, they might be able to access or manipulate objects they shouldn't have access to. Proper access control checks should be implemented to ensure that the user has permission to access the object.

   - **Potential Information Disclosure**:
     - **Vulnerable Lines**: The `render_confirmation_key_error` function.
     - **Reason**: The function returns different error pages based on the type of error. This can potentially allow an attacker to infer information about the existence or validity of confirmation keys. Consider returning a generic error message to avoid disclosing sensitive information.

   - **Improper Validation of Input**:
     - **Vulnerable Lines**: The `get_object_from_key` function.
     - **Reason**: The function checks the length of the `confirmation_key` but does not validate its content. Ensure that the key is validated against expected patterns or formats to prevent injection attacks or other malicious inputs.

3. If NO, please tell me the reason.
   - N/A

4. If you are not sure, please tell me the reason.
   - N/A","CVE: CVE-2021-43791
CVE Description: Zulip is an open source group chat application that combines real-time chat with threaded conversations. In affected versions expiration dates on the confirmation objects associated with email invitations were not enforced properly in the new account registration flow. A confirmation link takes a user to the check_prereg_key_and_redirect endpoint, before getting redirected to POST to /accounts/register/. The problem was that validation was happening in the check_prereg_key_and_redirect part and not in /accounts/register/ - meaning that one could submit an expired confirmation key and be able to register. The issue is fixed in Zulip 4.8. There are no known workarounds and users are advised to upgrade as soon as possible.
CWE: ['CWE-613']
CWE Description: 
",2.0,1116.0,7.0,1.2113301753997805
139_oauth2_root.py,"1. Whether the code is vulnerable or not. Tell me YES or NO.
   - YES

2. If YES, please list the vulnerabilities type, the vulnerable lines, and the reason.

   - **Insecure Handling of Refresh Tokens**:
     - **Vulnerable Lines**: Lines 15-23
     - **Reason**: The code checks if a refresh token has expired by comparing the creation time plus a configured expiration period with the current time. However, it does not handle the case where the refresh token might be reused or leaked. There is no mechanism to invalidate the refresh token after it has been used once, which could lead to replay attacks if the token is intercepted.

   - **Potential Information Disclosure**:
     - **Vulnerable Lines**: Lines 15-23, 27-28
     - **Reason**: The error messages returned in the response include specific details such as ""The refresh token has expired."" and the string representation of an `AccessDeniedError`. These messages could potentially disclose sensitive information to an attacker about the state of the system or the nature of the error, which could be used to facilitate further attacks.

3. If NO, please tell me the reason.
   - N/A

4. If you are not sure, please tell me the reason.
   - N/A","CVE: CVE-2020-10709
CVE Description: A security flaw was found in Ansible Tower when requesting an OAuth2 token with an OAuth2 application. Ansible Tower uses the token to provide authentication. This flaw allows an attacker to obtain a refresh token that does not expire. The original token granted to the user still has access to Ansible Tower, which allows any user that can gain access to the token to be fully authenticated to Ansible Tower. This flaw affects Ansible Tower versions before 3.6.4 and Ansible Tower versions before 3.5.6.
CWE: ['CWE-287', 'CWE-613', 'CWE-672']
CWE Description: 
",4.0,988.0,7.0,0.813612699508667
140_shelf.py,"1. Whether the code is vulnerable or not. Tell me YES or NO.
   - YES

2. If YES, please list the vulnerabilities type, the vulnerable lines, and the reason.

   - **SQL Injection**:
     - **Vulnerable Lines**: The code does not explicitly show direct SQL injection vulnerabilities, but it uses SQLAlchemy's ORM which is generally safe against SQL injection. However, care should be taken to ensure that any raw SQL queries (if added later) are parameterized properly.

   - **Cross-Site Scripting (XSS)**:
     - **Vulnerable Lines**: The code uses `flash` messages and string formatting with user-controlled data (e.g., `shelve.name`, `shelf_title`). If these values are not properly sanitized before being rendered in HTML templates, they could lead to XSS vulnerabilities.
     - **Reason**: User input is directly included in flash messages and potentially in HTML templates without escaping.

   - **Improper Access Control**:
     - **Vulnerable Lines**: Functions like `check_shelf_edit_permissions` and `check_shelf_view_permissions` are used to control access, but if these checks are bypassed or incorrectly implemented, unauthorized access could occur.
     - **Reason**: The logic for checking permissions is complex and could be prone to errors, especially if user roles or permissions are not correctly managed.

   - **Insecure Direct Object References (IDOR)**:
     - **Vulnerable Lines**: Routes like `/shelf/add/<int:s_id>/<int:b_id>`, `/shelf/remove/<int:s_id>/<int:b_id>`, and others that use IDs directly from the URL.
     - **Reason**: If an attacker can guess or manipulate these IDs, they might be able to access or modify resources they shouldn't have access to.

   - **Error Handling**:
     - **Vulnerable Lines**: The code catches exceptions like `OperationalError` and `InvalidRequestError` but does not handle them securely.
     - **Reason**: Simply logging the error and flashing a generic message might not be sufficient. Detailed error information should not be exposed to the user.

3. If NO, please tell me the reason.
   - N/A

4. If you are not sure, please tell me the reason.
   - N/A

Overall, while the code uses some security measures like permission checks and exception handling, there are potential vulnerabilities related to input validation, access control, and error handling that need to be addressed to ensure the application is secure.","CVE: CVE-2022-0273
CVE Description: Improper Access Control in Pypi calibreweb prior to 0.6.16.
CWE: ['CWE-284', 'CWE-863']
CWE Description: 
",2.0,1136.0,7.0,0.8581087589263916
141_authentication.py,"1. Whether the code is vulnerable or not. Tell me YES or NO.
   - YES

2. If YES, please list the vulnerabilities type, the vulnerable lines, and the reason.

   - **Hardcoded Sensitive Information**: 
     - Vulnerable Lines: `is_internal_relay` function
     - Reason: The function checks if the `public_key` is in `settings.SENTRY_RELAY_WHITELIST_PK`, which suggests that sensitive information might be hardcoded in the settings. If this list is not managed securely, it could lead to unauthorized access.

   - **Improper Error Handling**:
     - Vulnerable Lines: `ClientIdSecretAuthentication.authenticate`
     - Reason: The code raises a generic `AuthenticationFailed` exception for various error conditions, which could potentially leak information about the existence of client IDs or secrets.

   - **Timing Attack**:
     - Vulnerable Lines: `ClientIdSecretAuthentication.authenticate`
     - Reason: The use of `constant_time_compare` is correct for preventing timing attacks, but if the `client_secret` is not securely stored or if the comparison is not used consistently across the application, it could still be vulnerable.

   - **Potential Insecure Configuration**:
     - Vulnerable Lines: `is_internal_relay` function
     - Reason: The function allows all requests if `settings.DEBUG` is true. This could lead to security issues if the application is accidentally deployed with `DEBUG` mode enabled.

   - **Lack of Rate Limiting**:
     - Vulnerable Lines: Throughout the authentication classes
     - Reason: There is no mention of rate limiting for authentication attempts, which could lead to brute force attacks.

3. If NO, please tell me the reason.
   - N/A

4. If you are not sure, please tell me the reason.
   - N/A","CVE: CVE-2023-39349
CVE Description: Sentry is an error tracking and performance monitoring platform. Starting in version 22.1.0 and prior to version 23.7.2, an attacker with access to a token with few or no scopes can query `/api/0/api-tokens/` for a list of all tokens created by a user, including tokens with greater scopes, and use those tokens in other requests. There is no evidence that the issue was exploited on `sentry.io`. For self-hosted users, it is advised to rotate user auth tokens. A fix is available in version 23.7.2 of `sentry` and `self-hosted`. There are no known workarounds.
CWE: ['CWE-287', 'CWE-284']
CWE Description: 
",2.0,1105.0,7.0,0.8911194801330566
142_test_file_fli.py,"1. Whether the code is vulnerable or not. Tell me YES or NO.
   - YES

2. If YES, please list the vulnerabilities type, the vulnerable lines, and the reason.

   - **Resource Management Vulnerability**:
     - **Vulnerable Line**: `def open(): im = Image.open(files[0]) im.load()`
     - **Reason**: The `open` function in `test_unclosed_file` opens an image file but does not close it. This can lead to resource leaks, as the file descriptor is not released. Although the test is designed to check for this issue using `pytest.warns(ResourceWarning, open)`, it still represents a potential resource management problem in real-world code.

   - **Potential Denial of Service (DoS) via Timeout**:
     - **Vulnerable Lines**: The `test_timeouts` function with the `@pytest.mark.timeout(timeout=3)` decorator.
     - **Reason**: The test is designed to check for timeouts when loading certain `.fli` files. If these files are crafted maliciously to take a long time to process, they could potentially cause a denial of service by consuming excessive resources. The timeout decorator mitigates this risk in the test environment, but it highlights a potential vulnerability in the image processing logic itself.

3. If NO, please tell me the reason.
   - Not applicable.

4. If you are not sure, please tell me the reason.
   - Not applicable.","CVE: CVE-2021-28676
CVE Description: An issue was discovered in Pillow before 8.2.0. For FLI data, FliDecode did not properly check that the block advance was non-zero, potentially leading to an infinite loop on load.
CWE: ['CWE-835']
CWE Description: 
",2.0,945.0,7.0,1.0410387516021729
143_binary_server_asyncio.py,"1. Whether the code is vulnerable or not. Tell me YES or NO.
   - YES

2. If YES, please list the vulnerabilities type, the vulnerable lines, and the reason.

   - **Resource Exhaustion (Denial of Service)**:
     - **Vulnerable Lines**: `data_received` method
     - **Reason**: The `data_received` method appends incoming data to a buffer (`self._d`) without any size checks or limits. This could lead to a memory exhaustion attack if a client sends a large amount of data continuously.

   - **Improper Exception Handling**:
     - **Vulnerable Lines**: `data_received` method, `_process_received_message_loop` method
     - **Reason**: The `data_received` method and `_process_received_message_loop` method catch all exceptions using a broad `except Exception` clause. This can mask unexpected errors and make debugging difficult. It also does not handle specific exceptions that might require different handling strategies.

   - **Potential Race Condition**:
     - **Vulnerable Lines**: `connection_lost` method
     - **Reason**: The `connection_lost` method modifies shared resources like `self.g` and `self.h` without any synchronization mechanism. This could lead to race conditions if accessed concurrently by multiple tasks.

   - **Cancellation Handling**:
     - **Vulnerable Lines**: `stop` method
     - **Reason**: The `stop` method cancels the `self.i` task but does not handle the `asyncio.CancelledError` properly. It raises the error instead of handling it gracefully, which could lead to unclean shutdowns.

3. If NO, please tell me the reason.
   - N/A

4. If you are not sure, please tell me the reason.
   - N/A","CVE: CVE-2023-26151
CVE Description: Versions of the package asyncua before 0.9.96 are vulnerable to Denial of Service (DoS) such that an attacker can send a malformed packet and as a result, the server will enter into an infinite loop and consume excessive memory.
CWE: ['CWE-835']
CWE Description: 
",4.0,1001.0,7.0,0.8916153907775879
144_cloud_verifier_common.py,"1. Whether the code is vulnerable or not. Tell me YES or NO.
   - YES

2. If YES, please list the vulnerabilities type, the vulnerable lines, and the reason.

   - **Improper Input Validation (Line 108-109):**
     - The code uses `ast.literal_eval()` to parse `agent['tpm_policy']` and `agent['vtpm_policy']`. While `ast.literal_eval()` is safer than `eval()`, it can still be risky if the input is not properly sanitized. If an attacker can control the input, they might exploit this to cause unexpected behavior or denial of service.

   - **Insecure Cryptographic Storage (Line 204-205):**
     - The code uses `base64.b64encode()` to encode the encrypted data. Base64 is not encryption and should not be used to store sensitive data securely. If `b64_encrypted_V` is meant to be confidential, it should be encrypted using a secure algorithm.

   - **Potential Information Disclosure (Line 191):**
     - The code logs sensitive information (`agent['v']`) when `config.INSECURE_DEBUG` is enabled. This could lead to information disclosure if the logs are accessed by unauthorized users.

   - **Weak Cryptographic Practices (Line 207-208):**
     - The code uses RSA encryption without specifying the key size or padding scheme. This could lead to weak encryption if not properly configured. It's important to ensure that a secure key size (e.g., 2048 bits or higher) and padding scheme (e.g., OAEP) are used.

   - **Improper Error Handling (Line 153-154):**
     - The code raises a generic `Exception` if `b[1]` or `b[3]` are not integers. This could lead to a denial of service if an attacker can control these values. It's better to handle such errors gracefully and provide meaningful error messages.

3. If NO, please tell me the reason.
   - N/A

4. If you are not sure, please tell me the reason.
   - N/A","CVE: CVE-2022-23949
CVE Description: In Keylime before 6.3.0, unsanitized UUIDs can be passed by a rogue agent and can lead to log spoofing on the verifier and registrar.
CWE: ['CWE-290']
CWE Description: 
",2.0,1077.0,7.0,0.9562439918518066
145_validators.py,"1. Whether the code is vulnerable or not. Tell me YES or NO.

   YES

2. If YES, please list the vulnerabilities type, the vulnerable lines, and the reason.

   - **Regular Expression Denial of Service (ReDoS):**
     - **Vulnerable Lines:** `valid_regex`, `valid_exclude_list`, `valid_uuid`, `valid_agent_id`
     - **Reason:** The code uses regular expressions that could potentially be exploited for ReDoS attacks. Specifically, the `valid_regex` and `valid_exclude_list` functions compile user-provided regular expressions without any constraints, which could lead to performance issues if the regex is complex or crafted maliciously. Similarly, the `valid_uuid` and `valid_agent_id` functions use regular expressions that could be exploited if the input is not properly controlled or sanitized.

3. If NO, please tell me the reason.

   N/A

4. If you are not sure, please tell me the reason.

   N/A","CVE: CVE-2022-23949
CVE Description: In Keylime before 6.3.0, unsanitized UUIDs can be passed by a rogue agent and can lead to log spoofing on the verifier and registrar.
CWE: ['CWE-290']
CWE Description: 
",2.0,841.0,7.0,0.7835626602172852
146_comparative_sents.py,"1. Whether the code is vulnerable or not. Tell me YES or NO.
   - YES

2. If YES, please list the vulnerabilities type, the vulnerable lines, and the reason.

   - **Regular Expression Denial of Service (ReDoS):**
     - **Vulnerable Lines:** The regular expressions defined at the beginning of the code (e.g., `STARS`, `COMPARISON`, `CLOSE_COMPARISON`, `GRAD_COMPARISON`, `NON_GRAD_COMPARISON`, `ENTITIES_FEATS`, `KEYWORD`).
     - **Reason:** The use of complex regular expressions, especially those involving nested quantifiers or large character classes, can lead to performance issues if they are applied to large or specially crafted input strings. This can potentially be exploited to cause a denial of service by consuming excessive CPU resources.

   - **File Handling Vulnerability:**
     - **Vulnerable Lines:** The `keywords_readme` method, specifically the line `with self.open(""listOfkeywords.txt"") as f:`.
     - **Reason:** The code assumes that the file ""listOfkeywords.txt"" exists and is accessible. If this file is missing or if the path is manipulated, it could lead to a `FileNotFoundError` or other unintended behavior. Additionally, if the file content is not properly validated, it could lead to further vulnerabilities.

   - **Potential Information Disclosure:**
     - **Vulnerable Lines:** The `keywords_readme` method.
     - **Reason:** The method reads from a file and processes its content without any validation or sanitization. If the file contains sensitive information or if an attacker can manipulate the file content, it could lead to information disclosure.

3. If NO, please tell me the reason.
   - N/A

4. If you are not sure, please tell me the reason.
   - N/A

To mitigate these vulnerabilities, consider optimizing regular expressions to avoid performance issues, ensure proper file existence checks and error handling, and validate or sanitize file content before processing.","CVE: CVE-2021-3828
CVE Description: nltk is vulnerable to Inefficient Regular Expression Complexity
CWE: ['CWE-697']
CWE Description: 
",4.0,1008.0,7.0,1.2221992015838623
147_inline_parser.py,"1. Whether the code is vulnerable or not. Tell me YES or NO.
   - YES

2. If YES, please list the vulnerabilities type, the vulnerable lines, and the reason.

   - **Regular Expression Denial of Service (ReDoS):**
     - **Vulnerable Lines:** The regular expressions defined in the class, such as `AUTO_LINK`, `STD_LINK`, `REF_LINK`, `REF_LINK2`, `ASTERISK_EMPHASIS`, `UNDERSCORE_EMPHASIS`, `CODESPAN`, `INLINE_HTML`, etc.
     - **Reason:** The use of complex regular expressions with nested quantifiers and optional groups can lead to catastrophic backtracking, especially when processing large or specially crafted input strings. This can cause the application to hang or crash, leading to a denial of service.

   - **Potential HTML Injection:**
     - **Vulnerable Lines:** The `parse_inline_html` method.
     - **Reason:** The method directly returns HTML content without sanitization. If user input is processed through this method, it could lead to HTML injection vulnerabilities, allowing attackers to inject malicious scripts or HTML.

3. If NO, please tell me the reason.
   - N/A

4. If you are not sure, please tell me the reason.
   - N/A

To mitigate these vulnerabilities, consider using more efficient regular expressions and implementing input validation and sanitization, especially for HTML content. Additionally, consider using libraries designed to handle HTML safely, such as `bleach` for sanitizing HTML input.","CVE: CVE-2022-34749
CVE Description: In mistune through 2.0.2, support of inline markup is implemented by using regular expressions that can involve a high amount of backtracking on certain edge cases. This behavior is commonly named catastrophic backtracking.
CWE: ['CWE-697', 'CWE-1333']
CWE Description: 
",4.0,944.0,7.0,0.6133420467376709
148_test_slice.py,"1. Whether the code is vulnerable or not. Tell me YES or NO.
   - YES

2. If YES, please list the vulnerabilities type, the vulnerable lines, and the reason.
   - **Vulnerability Type**: Integer Overflow/Underflow
     - **Vulnerable Lines**: The code does not explicitly show the lines, but the vulnerability can occur in the slicing operations where `start` and `length` are used, particularly in the `test_slice_immutable`, `test_slice_bytes`, and similar functions.
     - **Reason**: The code performs arithmetic operations on `start` and `length` without checking for overflow or underflow conditions. For example, if `start + length` exceeds the maximum allowable length of the byte array, it could lead to unexpected behavior or errors.

   - **Vulnerability Type**: Improper Input Validation
     - **Vulnerable Lines**: The code does not explicitly show the lines, but the vulnerability can occur in the slicing operations where `start` and `length` are used, particularly in the `test_slice_immutable`, `test_slice_bytes`, and similar functions.
     - **Reason**: The code does not adequately validate the `start` and `length` parameters before using them in slicing operations. This could lead to out-of-bounds access or slicing beyond the intended range, potentially causing runtime errors or incorrect results.

3. If NO, please tell me the reason.
   - N/A

4. If you are not sure, please tell me the reason.
   - N/A","CVE: CVE-2022-24787
CVE Description: Vyper is a Pythonic Smart Contract Language for the Ethereum Virtual Machine. In version 0.3.1 and prior, bytestrings can have dirty bytes in them, resulting in the word-for-word comparisons giving incorrect results. Even without dirty nonzero bytes, two bytestrings can compare to equal if one ends with `""\x00""` because there is no comparison of the length. A patch is available and expected to be part of the 0.3.2 release. There are currently no known workarounds.
CWE: ['CWE-697']
CWE Description: 
",2.0,1026.0,7.0,0.7611005306243896
149_tensor_list_ops_test.py,"1. Whether the code is vulnerable or not. Tell me YES or NO.
   - YES

2. If YES, please list the vulnerabilities type, the vulnerable lines, and the reason.
   - **Type**: Use of Environment Variables
     - **Vulnerable Lines**: Line 2 from the bottom (`os.environ[""TF_XLA_FLAGS""] = (""--tf_xla_min_cluster_size=2 "" + os.environ.get(""TF_XLA_FLAGS"", """"))`)
     - **Reason**: The code modifies the `TF_XLA_FLAGS` environment variable by appending a value to it. If this environment variable is used to control security-sensitive configurations, an attacker could potentially exploit this by setting malicious values in the environment variable before the script is run. This could lead to unexpected behavior or security vulnerabilities, especially if the environment variable is used to control execution paths or access to resources.

3. If NO, please tell me the reason.
   - N/A

4. If you are not sure, please tell me the reason.
   - N/A","CVE: CVE-2023-25673
CVE Description: TensorFlow is an open source platform for machine learning. Versions prior to 2.12.0 and 2.11.1 have a Floating Point Exception in TensorListSplit with XLA. A fix is included in TensorFlow version 2.12.0 and version 2.11.1.
CWE: ['CWE-697']
CWE Description: 
",2.0,876.0,7.0,0.7757596969604492
150_website.py,"1. Whether the code is vulnerable or not. Tell me YES or NO.
   - YES

2. If YES, please list the vulnerabilities type, the vulnerable lines, and the reason.

   - **Improper Error Handling**:
     - **Vulnerable Lines**: Multiple lines, specifically in the `create_product`, `update_product`, `delete_product`, `get_user`, `give_product`, `revoke_product`, and `create_purchase` functions.
     - **Reason**: The use of broad `except` clauses without specifying the exception type can lead to catching unexpected exceptions, making debugging difficult and potentially hiding security issues.

   - **Insecure Direct Object References (IDOR)**:
     - **Vulnerable Lines**: Functions like `verify_user`, `give_product`, `revoke_product`, and others that handle user IDs and product names.
     - **Reason**: The code directly uses user IDs and product names from the request without proper validation or authorization checks, which could allow unauthorized access or manipulation of resources.

   - **Cross-Site Request Forgery (CSRF)**:
     - **Vulnerable Lines**: All routes that modify data, such as `create_product`, `update_product`, `delete_product`, `give_product`, `revoke_product`, and `create_purchase`.
     - **Reason**: There is no CSRF protection mechanism in place for these routes, making them susceptible to CSRF attacks.

   - **Potential Information Disclosure**:
     - **Vulnerable Lines**: The `status` endpoint.
     - **Reason**: The `status` endpoint reveals the status of the API and database, which could be used by attackers to gain insights into the system's health and configuration.

   - **Hardcoded Sensitive Information**:
     - **Vulnerable Lines**: The `create_purchase` function.
     - **Reason**: The `.ROBLOSECURITY` cookie is retrieved from a configuration file, which might be hardcoded and not securely managed.

   - **Lack of Input Validation**:
     - **Vulnerable Lines**: Functions like `create_product`, `update_product`, `delete_product`, `give_product`, `revoke_product`, and `create_purchase`.
     - **Reason**: There is no input validation for the data received from requests, which could lead to injection attacks or other forms of data manipulation.

3. If NO, please tell me the reason.
   - N/A

4. If you are not sure, please tell me the reason.
   - N/A

Overall, the code has several security vulnerabilities that need to be addressed to ensure the application is secure against common web application attacks.","CVE: CVE-2021-41191
CVE Description: Roblox-Purchasing-Hub is an open source Roblox product purchasing hub. A security risk in versions 1.0.1 and prior allowed people who have someone's API URL to get product files without an API key. This issue is fixed in version 1.0.2. As a workaround, add `@require_apikey` in `BOT/lib/cogs/website.py` under the route for `/v1/products`.
CWE: ['CWE-116']
CWE Description: 
",2.0,1223.0,7.0,0.8220274448394775
151_doc.py,"1. Whether the code is vulnerable or not. Tell me YES or NO.
   - YES

2. If YES, please list the vulnerabilities type, the vulnerable lines, and the reason.

   - **Command Injection**:
     - **Vulnerable Lines**: Lines involving `self.command` construction in `prepare_plugin_docs_command` and `prepare_plugin_list_command` methods.
     - **Reason**: The code constructs command-line arguments using user-provided input (`plugin_names`, `plugin_type`, `playbook_dir`, `module_path`). If these inputs are not properly sanitized, an attacker could inject malicious commands. The code does not show any input validation or sanitization for these parameters.

   - **Improper Input Validation**:
     - **Vulnerable Lines**: Lines checking `response_format` and `plugin_names` types.
     - **Reason**: While there is some validation for `response_format` and `plugin_names`, the code does not validate other inputs like `plugin_type`, `playbook_dir`, and `module_path`. This could lead to unexpected behavior or security issues if these inputs are not as expected.

3. If NO, please tell me the reason.
   - N/A

4. If you are not sure, please tell me the reason.
   - N/A

**Recommendations**:
- Implement input validation and sanitization for all user-provided inputs, especially those used in constructing command-line arguments.
- Consider using safe libraries or methods to construct and execute command-line commands to prevent injection vulnerabilities.","CVE: CVE-2021-4041
CVE Description: A flaw was found in ansible-runner. An improper escaping of the shell command, while calling the ansible_runner.interface.run_command, can lead to parameters getting executed as host's shell command. A developer could unintentionally write code that gets executed in the host rather than the virtual environment.
CWE: ['CWE-116']
CWE Description: 
",4.0,967.0,7.0,0.7635312080383301
152_endpoints.py,"1. Whether the code is vulnerable or not. Tell me YES or NO.
   - YES

2. If YES, please list the vulnerabilities type, the vulnerable lines, and the reason.

   - **Information Disclosure**:
     - **Vulnerable Lines**: Lines where `current_app.logger.info(e)` and `current_app.logger.error(e)` are used.
     - **Reason**: Logging exceptions directly without sanitization can lead to sensitive information being exposed in logs, which could be exploited by an attacker if they gain access to the logs.

   - **Denial of Service (DoS)**:
     - **Vulnerable Lines**: The entire DNS query process in both `LookupRecordType.get` and `ReverseLookup.get` methods.
     - **Reason**: The code does not implement any rate limiting or request throttling. An attacker could potentially flood the service with requests, causing resource exhaustion and making the service unavailable to legitimate users.

   - **Error Handling**:
     - **Vulnerable Lines**: Lines where exceptions are caught with a generic `except Exception as e`.
     - **Reason**: Catching all exceptions can mask different types of errors and make debugging difficult. It can also lead to improper handling of specific exceptions that might require different responses or actions.

3. If NO, please tell me the reason.
   - N/A

4. If you are not sure, please tell me the reason.
   - N/A","CVE: CVE-2015-10011
CVE Description: A vulnerability classified as problematic has been found in OpenDNS OpenResolve. This affects an unknown part of the file resolverapi/endpoints.py. The manipulation leads to improper output neutralization for logs. The identifier of the patch is 9eba6ba5abd89d0e36a008921eb307fcef8c5311. It is recommended to apply a patch to fix this issue. The identifier VDB-217197 was assigned to this vulnerability.
CWE: ['CWE-116', 'CWE-117']
CWE Description: 
",2.0,1031.0,6.0,1.3846924304962158
153_urls.py,"1. Whether the code is vulnerable or not. Tell me YES or NO.
   - YES

2. If YES, please list the vulnerabilities type, the vulnerable lines, and the reason.

   - **Hardcoded Error Handlers**: 
     - Vulnerable Lines: `h400, h403, h404, h500 = ['app.views.custom_bad_request', 'app.views.custom_permission_denied', 'app.views.custom_page_not_found', 'app.views.custom_error']`
     - Reason: The error handlers are being set to string values instead of callable views. This will not work as intended and can lead to improper error handling, potentially exposing sensitive information or causing the application to crash.

   - **Debug Mode Exposure**:
     - Vulnerable Lines: 
       ```python
       import debug_toolbar
       urls = [
           path('__debug__/', include(debug_toolbar.urls)),
       ] + urls
       ```
     - Reason: The `debug_toolbar` is included without checking if `settings.DEBUG` is `True`. This can expose sensitive information about the application when deployed in a production environment.

   - **Insecure URL Patterns**:
     - Vulnerable Lines: 
       ```python
       url(r'^login$', u_views.login, name='login'),
       url(r'^logout$', LV.as_view(), {'next_page': settings.LOGOUT_REDIRECT_URL}, name='logout'),
       ```
     - Reason: The use of `url()` instead of `path()` is deprecated in Django 3.1 and later. Additionally, the login and logout views should ensure they are using secure methods (e.g., CSRF protection) and HTTPS to prevent session hijacking.

3. If NO, please tell me the reason.
   - N/A

4. If you are not sure, please tell me the reason.
   - N/A","CVE: CVE-2021-43829
CVE Description: PatrOwl is a free and open-source solution for orchestrating Security Operations. In versions prior to 1.7.7 PatrowlManager unrestrictly handle upload files in the findings import feature. This vulnerability is capable of uploading dangerous type of file to server leading to XSS attacks and potentially other forms of code injection. Users are advised to update to 1.7.7 as soon as possible. There are no known workarounds for this issue.
CWE: ['CWE-434']
CWE Description: 
",2.0,1070.0,7.0,0.8206126689910889
154_admin.py,"1. Whether the code is vulnerable or not. Tell me YES or NO.
   - YES

2. If YES, please list the vulnerabilities type, the vulnerable lines, and the reason.
   - Vulnerability Type: CSV Injection
   - Vulnerable Lines: The vulnerability is primarily addressed in the `export_resource` method, but the implementation is incomplete.
   - Reason: The code attempts to prevent CSV injection by stripping certain leading characters from string values. However, the list of characters (`l = ['@', '=', '+', '-', '@', '\t', '\r', '\n']`) is not exhaustive. For example, it does not include other potentially dangerous characters like `'` (single quote) or `""` (double quote), which can also be used in CSV injection attacks. Additionally, the code does not handle cases where a malicious payload might be embedded deeper within the string, not just at the start.

3. If NO, please tell me the reason.
   - N/A

4. If you are not sure, please tell me the reason.
   - N/A

To improve the security of this code, consider using a more comprehensive approach to sanitize the data, such as prefixing all potentially dangerous strings with a safe character (e.g., a single quote) or using a library function designed to handle CSV injection prevention.","CVE: CVE-2022-2111
CVE Description: Unrestricted Upload of File with Dangerous Type in GitHub repository inventree/inventree prior to 0.7.2.
CWE: ['CWE-434']
CWE Description: 
",2.0,880.0,7.0,1.137979507446289
155___init__.py,"1. Whether the code is vulnerable or not. Tell me YES or NO.

   NO

2. If YES, please list the vulnerabilities type, the vulnerable lines, and the reason.

   Not applicable.

3. If NO, please tell me the reason.

   The provided code is a segment of the IPython project, which is a well-maintained and widely used open-source project. The code primarily consists of import statements, version checks, and function definitions that wrap around existing IPython functionalities. There are no apparent security vulnerabilities such as SQL injection, command injection, or insecure handling of sensitive data. The code does not perform any direct input/output operations that could be exploited. Additionally, the code includes a check for Python version compatibility, which is a good practice for maintaining security and stability.

4. If you are not sure, please tell me the reason.

   Not applicable.","CVE: CVE-2022-21699
CVE Description: IPython (Interactive Python) is a command shell for interactive computing in multiple programming languages, originally developed for the Python programming language. Affected versions are subject to an arbitrary code execution vulnerability achieved by not properly managing cross user temporary files. This vulnerability allows one user to run code as another on the same machine. All users are advised to upgrade.
CWE: ['CWE-269', 'CWE-279', 'CWE-250']
CWE Description: 
",1.0,843.0,7.0,1.673586130142212
156_application.py,"1. Whether the code is vulnerable or not. Tell me YES or NO.
   - YES

2. If YES, please list the vulnerabilities type, the vulnerable lines, and the reason.

   - **Insecure File Permissions**:
     - Vulnerable Lines: Lines involving `ensure_dir_exists` with `mode=0o700` (e.g., lines 97, 104, 111).
     - Reason: The code sets directory permissions to `0o700`, which is generally secure. However, if the application is running with elevated privileges, it might inadvertently create directories with permissions that are too permissive for sensitive data. It's important to ensure that the application does not run with unnecessary privileges.

   - **Command Injection**:
     - Vulnerable Lines: Line 268 (`os.execv(config_globals[""subcommand""], [config_globals[""subcommand""]] + self.argv[1:])`).
     - Reason: The use of `os.execv` with user-controlled input (`config_globals[""subcommand""]` and `self.argv`) can lead to command injection if the input is not properly validated or sanitized. This could allow an attacker to execute arbitrary commands on the system.

   - **Improper Handling of User Input**:
     - Vulnerable Lines: Lines involving `input()` function (e.g., line 184).
     - Reason: The use of `input()` for prompting the user can be problematic if the application is running in an environment where input can be controlled by an attacker. This could lead to unexpected behavior or security issues if the input is not properly validated.

3. If NO, please tell me the reason.
   - N/A

4. If you are not sure, please tell me the reason.
   - N/A

Overall, the code has potential vulnerabilities related to command execution and user input handling. Proper validation and sanitization of inputs, along with careful management of file permissions and execution contexts, are necessary to mitigate these risks.","CVE: CVE-2022-39286
CVE Description: Jupyter Core is a package for the core common functionality of Jupyter projects. Jupyter Core prior to version 4.11.2 contains an arbitrary code execution vulnerability in `jupyter_core` that stems from `jupyter_core` executing untrusted files in CWD. This vulnerability allows one user to run code as another. Version 4.11.2 contains a patch for this issue. There are no known workarounds.
CWE: ['CWE-427', 'CWE-269', 'CWE-250']
CWE Description: 
",2.0,1085.0,6.0,1.1739273071289062
157_parser.py,"1. Whether the code is vulnerable or not. Tell me YES or NO.
   - YES

2. If YES, please list the vulnerabilities type, the vulnerable lines, and the reason.

   - **Use of Deprecated Method**:
     - **Vulnerable Lines**: Lines 155, 203
     - **Reason**: The `ConfigParser.readfp()` method is used, which is deprecated since Python 3.2 and removed in Python 3.9. It should be replaced with `ConfigParser.read_file()` to ensure compatibility with newer Python versions.

   - **Potential Insecure YAML Loading**:
     - **Vulnerable Lines**: Line 128
     - **Reason**: The code uses `yaml.safe_load()`, which is generally safe for loading YAML. However, if the input is not trusted, it is crucial to ensure that the input is sanitized or validated before loading to prevent potential security issues like code execution.

   - **Potential Insecure TOML Loading**:
     - **Vulnerable Lines**: Line 148
     - **Reason**: The code uses `toml.loads()` to parse TOML content. If the input is not trusted, it is important to ensure that the input is sanitized or validated before parsing to prevent potential security issues.

   - **Potential Insecure JSON Loading**:
     - **Vulnerable Lines**: Line 178
     - **Reason**: The code uses `json.loads()` to parse JSON content. If the input is not trusted, it is important to ensure that the input is sanitized or validated before parsing to prevent potential security issues.

3. If NO, please tell me the reason.
   - N/A

4. If you are not sure, please tell me the reason.
   - N/A

Overall, the code has some deprecated method usage and potential security concerns related to parsing external data formats like YAML, TOML, and JSON. It is important to ensure that inputs are sanitized and validated to prevent security vulnerabilities.","CVE: CVE-2022-39280
CVE Description: dparse is a parser for Python dependency files. dparse in versions before 0.5.2 contain a regular expression that is vulnerable to a Regular Expression Denial of Service. All the users parsing index server URLs with dparse are impacted by this vulnerability. A patch has been applied in version `0.5.2`, all the users are advised to upgrade to `0.5.2` as soon as possible. Users unable to upgrade should avoid passing index server URLs in the source file to be parsed.
CWE: ['CWE-400', 'CWE-1333']
CWE Description: 
",2.0,1097.0,7.0,1.43646502494812
158_parser.py,"1. Whether the code is vulnerable or not. Tell me YES or NO.
   - YES

2. If YES, please list the vulnerabilities type, the vulnerable lines, and the reason.

   - **Use of Deprecated Method**:
     - **Vulnerable Lines**: Lines 144, 186
     - **Reason**: The method `readfp()` from `ConfigParser` is deprecated since Python 3.2 and removed in Python 3.9. It should be replaced with `read_file()` for compatibility with newer Python versions.

   - **Potential Code Injection**:
     - **Vulnerable Lines**: Lines 144, 186
     - **Reason**: Using `StringIO` with `ConfigParser.readfp()` (or `read_file()`) to read configuration data from a string can be risky if the content is not properly sanitized. If the content comes from an untrusted source, it could lead to code injection vulnerabilities.

   - **Improper Exception Handling**:
     - **Vulnerable Lines**: Lines 108, 218, 250
     - **Reason**: The code uses broad exception handling (`except ExceptionType`) without logging or handling the exception properly. This can lead to silent failures and make debugging difficult. Specifically, `except InvalidRequirement`, `except NoOptionError`, `except yaml.YAMLError`, `except (toml.TomlDecodeError, IndexError)`, and `except ValueError` should include logging or more specific handling.

3. If NO, please tell me the reason.
   - N/A

4. If you are not sure, please tell me the reason.
   - N/A","CVE: CVE-2022-39280
CVE Description: dparse is a parser for Python dependency files. dparse in versions before 0.5.2 contain a regular expression that is vulnerable to a Regular Expression Denial of Service. All the users parsing index server URLs with dparse are impacted by this vulnerability. A patch has been applied in version `0.5.2`, all the users are advised to upgrade to `0.5.2` as soon as possible. Users unable to upgrade should avoid passing index server URLs in the source file to be parsed.
CWE: ['CWE-400', 'CWE-1333']
CWE Description: 
",2.0,1050.0,7.0,0.8146753311157227
159_lexer.py,"1. Whether the code is vulnerable or not. Tell me YES or NO.
   - YES

2. If YES, please list the vulnerabilities type, the vulnerable lines, and the reason.
   - **Vulnerability Type**: Use of `cStringIO` in Python 3
     - **Vulnerable Lines**: `from cStringIO import StringIO`
     - **Reason**: The `cStringIO` module is not available in Python 3. This code will raise an `ImportError` if run in a Python 3 environment. This is not a security vulnerability per se, but it is a compatibility issue that can lead to runtime errors.

   - **Vulnerability Type**: Use of `basestring` and `unicode` in Python 3
     - **Vulnerable Lines**: 
       - `if isinstance(text, basestring):`
       - `if sys.version_info[0] < 3 and isinstance(text, unicode):`
     - **Reason**: The `basestring` and `unicode` types do not exist in Python 3. This will cause a `NameError` if the code is executed in a Python 3 environment. Again, this is more of a compatibility issue rather than a direct security vulnerability.

   - **Vulnerability Type**: Potential Unicode Decoding Issues
     - **Vulnerable Lines**: 
       - `text = text.decode('utf-8')`
       - `text = text.decode('latin1')`
       - `text = text.decode(self._encodings.encoding)`
       - `text = text.decode('unicode-escape')`
     - **Reason**: The code attempts to decode text using various encodings without proper error handling. This can lead to `UnicodeDecodeError` exceptions if the text cannot be decoded with the specified encoding. While not a direct security vulnerability, it can lead to application crashes or unexpected behavior.

3. If NO, please tell me the reason.
   - N/A

4. If you are not sure, please tell me the reason.
   - N/A","CVE: CVE-2023-30608
CVE Description: sqlparse is a non-validating SQL parser module for Python. In affected versions the SQL parser contains a regular expression that is vulnerable to ReDoS (Regular Expression Denial of Service). This issue was introduced by commit `e75e358`. The vulnerability may lead to Denial of Service (DoS). This issues has been fixed in sqlparse 0.4.4 by commit `c457abd5f`. Users are advised to upgrade. There are no known workarounds for this issue.
CWE: ['CWE-1333']
CWE Description: 
",2.0,1127.0,7.0,0.9285273551940918
160_validators.py,"1. Whether the code is vulnerable or not. Tell me YES or NO.
   - YES

2. If YES, please list the vulnerabilities type, the vulnerable lines, and the reason.
   - **Global State Manipulation**: 
     - Vulnerable Lines: Lines involving `_glob_data` (lines 3, 6, 12).
     - Reason: The use of a global variable `_glob_data` to store validation results can lead to unintended side effects, especially in a multi-threaded environment. If multiple threads or functions access and modify `_glob_data` concurrently, it can cause race conditions and inconsistent behavior.

   - **Lack of Input Sanitization**:
     - Vulnerable Lines: Lines 7 and 13.
     - Reason: The code does not sanitize or escape the input before passing it to the `validators.email` and `validators.url` functions. If these functions are not robust against malicious input, it could lead to potential security issues such as injection attacks.

3. If NO, please tell me the reason.
   - N/A

4. If you are not sure, please tell me the reason.
   - N/A","CVE: CVE-2023-45813
CVE Description: Torbot is an open source tor network intelligence tool. In affected versions the `torbot.modules.validators.validate_link function` uses the python-validators URL validation regex. This particular regular expression has an exponential complexity which allows an attacker to cause an application crash using a well-crafted argument. An attacker can use a well-crafted URL argument to exploit the vulnerability in the regular expression and cause a Denial of Service on the system. The validators file has been removed in version 4.0.0. Users are advised to upgrade. There are no known workarounds for this vulnerability.
CWE: ['CWE-1333']
CWE Description: 
",2.0,940.0,7.0,1.0159800052642822
161_malt.py,"1. Whether the code is vulnerable or not. Tell me YES or NO.
   - YES

2. If YES, please list the vulnerabilities type, the vulnerable lines, and the reason.
   - **Vulnerability Type**: Command Injection
     - **Vulnerable Lines**: Lines involving `subprocess.Popen` in the `_execute` method.
     - **Reason**: The code constructs command-line arguments dynamically using user-provided inputs (e.g., `additional_java_args`, `inputfilename`, `outputfilename`, `mode`). If these inputs are not properly sanitized, an attacker could inject malicious commands. The use of `subprocess.Popen` with unsanitized inputs can lead to command injection vulnerabilities.

   - **Vulnerability Type**: Insecure Temporary File Handling
     - **Vulnerable Lines**: Lines involving `tempfile.NamedTemporaryFile` in methods like `parse_tagged_sents`, `train`, and `train_from_file`.
     - **Reason**: Although `tempfile.NamedTemporaryFile` is generally secure, the files are created with `delete=False`, which means they persist after the file object is closed. This could potentially lead to race conditions or unauthorized access if the file permissions are not properly set or if the temporary directory is not secure.

3. If NO, please tell me the reason.
   - N/A

4. If you are not sure, please tell me the reason.
   - N/A

**Recommendations**:
- Sanitize and validate all inputs that are used to construct command-line arguments.
- Consider using `subprocess.run` with a list of arguments instead of a single string to avoid shell injection.
- Ensure that temporary files are created with secure permissions and are deleted securely after use. Consider using context managers to handle file operations to ensure files are closed and deleted properly.","CVE: CVE-2021-3842
CVE Description: nltk is vulnerable to Inefficient Regular Expression Complexity
CWE: ['CWE-1333']
CWE Description: 
",2.0,1017.0,6.0,1.2252836227416992
162_js_run.py,"1. Whether the code is vulnerable or not. Tell me YES or NO.
   - YES

2. If YES, please list the vulnerabilities type, the vulnerable lines, and the reason.

   - **Command Injection**:
     - **Vulnerable Lines**: Lines involving `jsrun_command` construction and execution.
     - **Reason**: The `jsrun_command` is constructed using user-controlled inputs such as `settings.binding_args`, `settings.output_filename`, `settings.extra_mpi_args`, and `command`. Although `quote` is used to escape command arguments, there is still a risk if any of these inputs are not properly sanitized before being passed to the command. This could lead to command injection if an attacker can influence these inputs.

   - **Improper Use of `os.execve`**:
     - **Vulnerable Lines**: The line where `os.execve` is called.
     - **Reason**: The use of `os.execve` to execute a shell command can be dangerous if the command string is not properly sanitized. This function replaces the current process, which can lead to unexpected behavior if the command is not correctly constructed or if it contains malicious input.

   - **Temporary File Handling**:
     - **Vulnerable Lines**: The `generate_jsrun_rankfile` function where `tempfile.mkstemp()` is used.
     - **Reason**: The temporary file is created with `mkstemp`, but the file descriptor is immediately closed. This can lead to a race condition where another process could potentially access or modify the file before it is used. It is safer to use `tempfile.NamedTemporaryFile` with `delete=False` to ensure the file is securely created and managed.

3. If NO, please tell me the reason.
   - Not applicable.

4. If you are not sure, please tell me the reason.
   - Not applicable. The identified vulnerabilities are based on common security issues related to command execution and file handling in Python.","CVE: CVE-2022-0315
CVE Description: Insecure Temporary File in GitHub repository horovod/horovod prior to 0.24.0.
CWE: ['CWE-668']
CWE Description: 
",2.0,1025.0,7.0,0.8240790367126465
163_revocation_notifier.py,"1. Whether the code is vulnerable or not. Tell me YES or NO.
   - YES

2. If YES, please list the vulnerabilities type, the vulnerable lines, and the reason.

   - **Insecure File Permissions**:
     - **Vulnerable Lines**: Lines 21-28
     - **Reason**: The code checks and sets permissions for the directory and socket file at `_SOCKET_PATH`. However, it does not handle the case where the directory or file might have been tampered with before the permissions are set. This can lead to a Time-of-Check to Time-of-Use (TOCTOU) race condition vulnerability.

   - **Improper Exception Handling**:
     - **Vulnerable Lines**: Lines 75-82, 108-118
     - **Reason**: The exception handling in the `notify` and `notify_webhook` functions is too broad. Catching all exceptions with a generic `except Exception` or `except requests.exceptions.RequestException` without specific handling can mask different types of errors, making debugging difficult and potentially ignoring critical failures.

   - **Hardcoded Sensitive Information**:
     - **Vulnerable Lines**: Lines 186-199
     - **Reason**: The `json_body2` dictionary contains hardcoded values that might be sensitive or should be configurable, such as `agent_id`, `cloudagent_ip`, and `cloudagent_port`. This can lead to security issues if these values are sensitive or need to be changed frequently.

   - **Potential Denial of Service (DoS)**:
     - **Vulnerable Lines**: Lines 140-164
     - **Reason**: The `await_notifications` function runs an infinite loop without any exit condition or timeout. This can lead to a denial of service if the function is unable to process messages or if the connection is lost.

   - **Insecure Use of `os.system` or `os.popen`**:
     - **Vulnerable Lines**: None in the provided code, but the use of `os` and `sys` modules suggests potential for misuse if used improperly elsewhere in the codebase.
     - **Reason**: While not directly present in the provided code, care should be taken when using `os.system` or similar functions to avoid command injection vulnerabilities.

3. If NO, please tell me the reason.
   - N/A

4. If you are not sure, please tell me the reason.
   - N/A","CVE: CVE-2022-23950
CVE Description: In Keylime before 6.3.0, Revocation Notifier uses a fixed /tmp path for UNIX domain socket which can allow unprivileged users a method to prohibit keylime operations.
CWE: ['CWE-668']
CWE Description: 
",2.0,1121.0,7.0,1.013462781906128
164_file_utils.py,"1. Whether the code is vulnerable or not. Tell me YES or NO.
   - YES

2. If YES, please list the vulnerabilities type, the vulnerable lines, and the reason.

   - **Insecure YAML Deserialization**:
     - **Vulnerable Lines**: `yaml.load(yaml_file, Loader=YamlSafeLoader)` in the `read_yaml` function.
     - **Reason**: Using `yaml.load` can be dangerous if the input is not trusted, as it can execute arbitrary code. Although `YamlSafeLoader` is used, which mitigates some risks, it's generally safer to use `yaml.safe_load` for untrusted input.

   - **Path Traversal**:
     - **Vulnerable Lines**: Functions like `write_yaml`, `read_yaml`, `write_to`, `append_to`, `read_file_lines`, `read_file`, and others that construct file paths using `os.path.join`.
     - **Reason**: If user input is used to construct file paths, it can lead to path traversal vulnerabilities, allowing attackers to read or write arbitrary files on the filesystem.

   - **Improper Exception Handling**:
     - **Vulnerable Lines**: Multiple instances, such as in `write_yaml`, `read_yaml`, and `_handle_readonly_on_windows`.
     - **Reason**: Catching broad exceptions (`except Exception as e`) without specific handling can mask errors and make debugging difficult. It can also lead to security issues if exceptions are not properly logged or handled.

   - **Insecure Temporary File Handling**:
     - **Vulnerable Lines**: `tempfile.mkstemp()` in `make_tarfile`.
     - **Reason**: Using `mkstemp` without proper file permissions or cleanup can lead to security issues, especially if the temporary file is accessible by other users on the system.

3. If NO, please tell me the reason.
   - N/A

4. If you are not sure, please tell me the reason.
   - N/A","CVE: CVE-2022-0736
CVE Description: Insecure Temporary File in GitHub repository mlflow/mlflow prior to 1.23.1.
CWE: ['CWE-668']
CWE Description: 
",2.0,1029.0,7.0,0.8263711929321289
165_admin.py,"1. Whether the code is vulnerable or not. Tell me YES or NO.
   - YES

2. If YES, please list the vulnerabilities type, the vulnerable lines, and the reason.
   - Vulnerability Type: CSV Injection
   - Vulnerable Lines: The vulnerability is primarily in the logic of the `export_resource` method, specifically in the loop that strips illegal leading characters.
   - Reason: The code attempts to prevent CSV injection by stripping certain leading characters from strings. However, the approach is not comprehensive. It only removes the first character if it matches one of the specified characters, but it does not account for cases where multiple malicious characters might be used in succession. Additionally, the list of characters to strip is hardcoded and may not cover all potential malicious characters or combinations. This could allow some malicious inputs to bypass the filter.

3. If NO, please tell me the reason.
   - N/A

4. If you are not sure, please tell me the reason.
   - N/A","CVE: CVE-2022-2112
CVE Description: Improper Neutralization of Formula Elements in a CSV File in GitHub repository inventree/inventree prior to 0.7.2.
CWE: ['CWE-1236']
CWE Description: 
",4.0,836.0,7.0,1.059123992919922
166_flagging.py,"1. Whether the code is vulnerable or not. Tell me YES or NO.
   - YES

2. If YES, please list the vulnerabilities type, the vulnerable lines, and the reason.

   - **Hardcoded Sensitive Information**:
     - Vulnerable Lines: `hf_foken` in `HuggingFaceDatasetSaver` class.
     - Reason: The `hf_foken` is likely a token for accessing Hugging Face services. Hardcoding sensitive information like tokens or API keys in the source code can lead to unauthorized access if the code is exposed.

   - **Improper Input Handling**:
     - Vulnerable Lines: Usage of `input_data` and `output_data` in `flag` methods across classes.
     - Reason: The code does not validate or sanitize `input_data` and `output_data` before processing. This could lead to injection attacks or processing of malicious data.

   - **Insecure File Handling**:
     - Vulnerable Lines: File operations in `SimpleCSVLogger`, `CSVLogger`, and `HuggingFaceDatasetSaver` classes.
     - Reason: The code uses file paths constructed with user-controlled data (`flagging_dir`, `dataset_name`). This can lead to directory traversal vulnerabilities if not properly sanitized.

   - **Potential Race Condition**:
     - Vulnerable Lines: File existence checks and subsequent operations in `CSVLogger` and `HuggingFaceDatasetSaver`.
     - Reason: The code checks for file existence and then performs operations based on that check. This can lead to race conditions if the file state changes between the check and the operation.

3. If NO, please tell me the reason.
   - N/A

4. If you are not sure, please tell me the reason.
   - N/A","CVE: CVE-2022-24770
CVE Description: `gradio` is an open source framework for building interactive machine learning models and demos. Prior to version 2.8.11, `gradio` suffers from Improper Neutralization of Formula Elements in a CSV File. The `gradio` library has a flagging functionality which saves input/output data into a CSV file on the developer's computer. This can allow a user to save arbitrary text into the CSV file, such as commands. If a program like MS Excel opens such a file, then it automatically runs these commands, which could lead to arbitrary commands running on the user's computer. The problem has been patched as of `2.8.11`, which escapes the saved csv with single quotes. As a workaround, avoid opening csv files generated by `gradio` with Excel or similar spreadsheet programs.
CWE: ['CWE-1236']
CWE Description: 
",2.0,1113.0,7.0,0.882021427154541
167_viewsets.py,"1. Whether the code is vulnerable or not. Tell me YES or NO.
   - YES

2. If YES, please list the vulnerabilities type, the vulnerable lines, and the reason.

   - **Insecure Direct Object References (IDOR):**
     - **Vulnerable Lines:** `get_queryset` methods in `AccountViewSet`, `AliasViewSet`, and `SenderAddressViewSet`.
     - **Reason:** The code filters objects based on user access but does not enforce additional checks to ensure that the user is authorized to access each specific object. This could potentially allow users to access objects they should not have access to if they manipulate the request parameters.

   - **Improper Error Handling:**
     - **Vulnerable Lines:** `reset_password` method in `AccountViewSet`.
     - **Reason:** The method returns a 404 status code when certain conditions are not met (e.g., no user found, no phone number, no backend). This could potentially leak information about the existence of users or the configuration of the system.

   - **Lack of Rate Limiting:**
     - **Vulnerable Lines:** `exists` and `reset_password` actions in `AccountViewSet`.
     - **Reason:** These endpoints do not appear to have any rate limiting applied, which could make them susceptible to brute force attacks or abuse.

3. If NO, please tell me the reason.
   - N/A

4. If you are not sure, please tell me the reason.
   - N/A","CVE: CVE-2023-2227
CVE Description: Improper Authorization in GitHub repository modoboa/modoboa prior to 2.1.0.
CWE: ['CWE-285']
CWE Description: 
",2.0,909.0,7.0,0.9095895290374756
168_artifact_lookup.py,"1. Whether the code is vulnerable or not. Tell me YES or NO.
   - YES

2. If YES, please list the vulnerabilities type, the vulnerable lines, and the reason.

   - **Insecure Direct Object Reference (IDOR):**
     - **Vulnerable Lines:** `def download_file(self, download_id, project: Project):` and `def get(self, request: Request, project: Project) -> Response:`
     - **Reason:** The `download_file` method uses `download_id` directly from the request without sufficient validation or authorization checks. This could allow an attacker to manipulate the `download_id` to access unauthorized files.

   - **Improper Rate Limiting:**
     - **Vulnerable Lines:** `rate_limited = ratelimits.is_limited(...)`
     - **Reason:** The rate limiting is applied based on the `download_id` and `project.id`, but it might not be sufficient if the `download_id` can be easily guessed or manipulated, allowing attackers to bypass rate limits by changing the `download_id`.

   - **Potential Information Disclosure:**
     - **Vulnerable Lines:** `logger.error(""Failed to read"", exc_info=exc)`
     - **Reason:** Logging the exception with `exc_info=exc` might expose sensitive information in the logs, which could be exploited if the logs are accessible to unauthorized users.

   - **Lack of Input Validation:**
     - **Vulnerable Lines:** `v = download_id.split(""/"")` and `v = [request.GET.get(""debug_id""), request.GET.get(""url""), request.GET.get(""release""), request.GET.get(""dist"")]`
     - **Reason:** The code does not perform sufficient validation on inputs obtained from the request, which could lead to unexpected behavior or security vulnerabilities if the inputs are malformed or malicious.

3. If NO, please tell me the reason.
   - N/A

4. If you are not sure, please tell me the reason.
   - N/A","CVE: CVE-2023-36826
CVE Description: Sentry is an error tracking and performance monitoring platform. Starting in version 8.21.0 and prior to version 23.5.2, an authenticated user can download a debug or artifact bundle from arbitrary organizations and projects with a known bundle ID. The user does not need to be a member of the organization or have permissions on the project. A patch was issued in version 23.5.2 to ensure authorization checks are properly scoped on requests to retrieve debug or artifact bundles. Authenticated users who do not have the necessary permissions on the particular project are no longer able to download them. Sentry SaaS users do not need to take any action. Self-Hosted Sentry users should upgrade to version 23.5.2 or higher.
CWE: ['CWE-285', 'CWE-863']
CWE Description: 
",4.0,1169.0,7.0,0.8544821739196777
169_pascal_style_byte_stream.py,"1. Whether the code is vulnerable or not. Tell me YES or NO.
   - YES

2. If YES, please list the vulnerabilities type, the vulnerable lines, and the reason.

   - **Vulnerability Type**: Insecure Deserialization
     - **Vulnerable Lines**: The entire class `PascalStyleByteStream` and its methods that handle reading and writing data.
     - **Reason**: The code reads and writes data using format instructions that are determined at runtime. If an attacker can influence the input data or the format instructions, they might exploit this to execute arbitrary code or cause a denial of service. The use of `struct.unpack` and `struct.pack` with potentially untrusted format strings can be particularly dangerous if those strings are not properly validated.

   - **Vulnerability Type**: Lack of Input Validation
     - **Vulnerable Lines**: Methods like `read_pascal_bytes`, `write_from_format_instruction`, and others that handle input data.
     - **Reason**: The code does not perform sufficient validation on input data, such as checking the size of data being read or written. This can lead to buffer overflows or other unexpected behavior if the input data is malformed or maliciously crafted.

   - **Vulnerability Type**: Use of Warnings for Error Handling
     - **Vulnerable Lines**: Method `check_dict_matches_format_instructions_dict`.
     - **Reason**: The use of `warnings.warn` for handling mismatches in expected data types or missing keys is not a robust error handling mechanism. It may not adequately inform the caller of critical issues, leading to potential misuse or security issues if the warnings are ignored.

3. If NO, please tell me the reason.
   - N/A

4. If you are not sure, please tell me the reason.
   - N/A","CVE: CVE-2022-31124
CVE Description: openssh_key_parser is an open source Python package providing utilities to parse and pack OpenSSH private and public key files. In versions prior to 0.0.6 if a field of a key is shorter than it is declared to be, the parser raises an error with a message containing the raw field value. An attacker able to modify the declared length of a key's sensitive field can thus expose the raw value of that field. Users are advised to upgrade to version 0.0.6, which no longer includes the raw field value in the error message. There are no known workarounds for this issue.
CWE: ['CWE-209']
CWE Description: 
",2.0,1078.0,7.0,1.7319073677062988
170_manager.py,"1. Whether the code is vulnerable or not. Tell me YES or NO.

   YES

2. If YES, please list the vulnerabilities type, the vulnerable lines, and the reason.

   - **Vulnerability Type**: Insecure Locale Handling
     - **Vulnerable Lines**: Lines within the `get_locale` method, particularly the handling of `request.args` and `session`.
     - **Reason**: The code retrieves the locale from the request arguments (`request.args`) without proper validation or sanitization. If an attacker can manipulate the request arguments, they might be able to inject unexpected values. Although the code checks if the locale is in the `languages` list, it does not sanitize the input, which could lead to potential issues if the `languages` list is not properly controlled or if there are other parts of the application that rely on this value without further validation.

   - **Vulnerability Type**: Session Fixation
     - **Vulnerable Lines**: Lines involving `session[""locale""]`.
     - **Reason**: The code sets the locale in the session without regenerating the session ID. If an attacker can set the session ID beforehand, they might be able to fixate the session and control the locale setting for a user.

3. If NO, please tell me the reason.

   N/A

4. If you are not sure, please tell me the reason.

   N/A","CVE: CVE-2023-34110
CVE Description: Flask-AppBuilder is an application development framework, built on top of Flask. Prior to version 4.3.2, an authenticated malicious actor with Admin privileges, could by adding a special character on the add, edit User forms trigger a database error, this error is surfaced back to this actor on the UI. On certain database engines this error can include the entire user row including the pbkdf2:sha256 hashed password. This vulnerability has been fixed in version 4.3.2.
CWE: ['CWE-209']
CWE Description: 
",2.0,971.0,7.0,1.6364235877990725
171_connection_wrapper.py,"1. Whether the code is vulnerable or not. Tell me YES or NO.
   - YES

2. If YES, please list the vulnerabilities type, the vulnerable lines, and the reason.

   - **Improper Handling of Sensitive Information**:
     - **Vulnerable Lines**: Lines involving logging of credentials, such as `self.log.info(""%s credentials retrieved from login and password."", self.conn_repr)`.
     - **Reason**: Logging sensitive information like AWS credentials can lead to exposure of these credentials in log files, which is a security risk.

   - **Use of Deprecated Features**:
     - **Vulnerable Lines**: Multiple lines with warnings about deprecated features, such as `warnings.warn(""'session_kwargs' in extra config is deprecated..."")`.
     - **Reason**: Using deprecated features can lead to security vulnerabilities if those features are removed or no longer supported in future versions.

   - **Potential Insecure Configuration Parsing**:
     - **Vulnerable Lines**: The `_parse_s3_config` function, particularly the use of `configparser.ConfigParser()` without strict validation.
     - **Reason**: Parsing configuration files without strict validation can lead to security issues if the configuration file is tampered with or contains unexpected values.

   - **Lack of Input Validation**:
     - **Vulnerable Lines**: The `__post_init__` method and other methods that process input from the `extra` field.
     - **Reason**: There is a lack of validation on the input data, which could lead to unexpected behavior or security vulnerabilities if malicious data is provided.

3. If NO, please tell me the reason.
   - N/A

4. If you are not sure, please tell me the reason.
   - N/A","CVE: CVE-2023-25956
CVE Description: Generation of Error Message Containing Sensitive Information vulnerability in the Apache Airflow AWS Provider. This issue affects Apache Airflow AWS Provider versions before 7.2.1.
CWE: ['CWE-209']
CWE Description: 
",4.0,989.0,7.0,0.8001430034637451
172_connection.py,"1. Whether the code is vulnerable or not. Tell me YES or NO.
   - YES

2. If YES, please list the vulnerabilities type, the vulnerable lines, and the reason.

   - **Insecure Deserialization**:
     - **Vulnerable Lines**: 
       - `src = cPickle.dumps(obj, protocol=0)` in `write_to_file_descriptor` function.
       - `response[""result""] = cPickle.loads(to_bytes(response[""result""]))` in `_exec_jsonrpc` method.
     - **Reason**: The use of `cPickle` for serialization and deserialization is insecure because it can execute arbitrary code if the data being deserialized is crafted by an attacker. This can lead to remote code execution vulnerabilities.

   - **Improper Error Handling**:
     - **Vulnerable Lines**: 
       - `except socket.error as e:` in `send` method.
       - `except socket.error as e:` in `_exec_jsonrpc` method.
     - **Reason**: The code catches broad exceptions and raises a `ConnectionError` with potentially sensitive information included in the error message. This can lead to information disclosure vulnerabilities.

   - **Potential Resource Leak**:
     - **Vulnerable Lines**: 
       - `sf.connect(self.socket_path)` in `send` method.
     - **Reason**: The socket `sf` is closed only in the exception handling block, but not explicitly closed in the normal execution path. This can lead to resource leaks if the socket is not properly closed.

3. If NO, please tell me the reason.
   - N/A

4. If you are not sure, please tell me the reason.
   - N/A","CVE: CVE-2021-3620
CVE Description: A flaw was found in Ansible Engine's ansible-connection module, where sensitive information such as the Ansible user credentials is disclosed by default in the traceback error message. The highest threat from this vulnerability is to confidentiality.
CWE: ['CWE-209']
CWE Description: 
",2.0,993.0,7.0,0.7955896854400635
173_plugin.py,"1. Whether the code is vulnerable or not. Tell me YES or NO.
   - YES

2. If YES, please list the vulnerabilities type, the vulnerable lines, and the reason.

   - **JWT Token Decoding without Verification**:
     - **Vulnerable Lines**: Lines within `PKCEAuthProviderPlugin.get_current_user` method.
     - **Reason**: The code decodes the JWT token header to extract the key ID (`kid`) without verifying the token's signature. This can lead to security issues if an attacker can manipulate the token header to point to a key they control.

   - **Hardcoded Secrets**:
     - **Vulnerable Lines**: Usage of `DISPATCH_JWT_SECRET` in `BasicAuthProviderPlugin.get_current_user`.
     - **Reason**: The secret key for JWT decoding is hardcoded, which can be a security risk if the source code is exposed. Secrets should be managed securely using environment variables or secret management tools.

   - **Lack of Error Handling for Key Retrieval**:
     - **Vulnerable Lines**: Lines within `PKCEAuthProviderPlugin.get_current_user` method where keys are retrieved from `DISPATCH_AUTHENTICATION_PROVIDER_PKCE_JWKS`.
     - **Reason**: The code assumes that a key will always be found for the `kid` in the token header. If no matching key is found, the variable `key` will be undefined, leading to potential runtime errors.

   - **Potential Information Disclosure**:
     - **Vulnerable Lines**: Logging of authorization headers in `BasicAuthProviderPlugin.get_current_user`.
     - **Reason**: Logging sensitive information such as authorization headers can lead to information disclosure if logs are accessed by unauthorized users.

3. If NO, please tell me the reason.
   - Not applicable.

4. If you are not sure, please tell me the reason.
   - Not applicable.","CVE: CVE-2023-40171
CVE Description: Dispatch is an open source security incident management tool. The server response includes the JWT Secret Key used for signing JWT tokens in error message when the `Dispatch Plugin - Basic Authentication Provider` plugin encounters an error when attempting to decode a JWT token. Any Dispatch users who own their instance and rely on the `Dispatch Plugin - Basic Authentication Provider` plugin for authentication may be impacted, allowing for any account to be taken over within their own instance. This could be done by using the secret to sign attacker crafted JWTs. If you think that you may be impacted, we strongly suggest you to rotate the secret stored in the `DISPATCH_JWT_SECRET` envvar in the `.env` file. This issue has been addressed in commit `b1942a4319` which has been included in the `20230817` release. users are advised to upgrade. There are no known workarounds for this vulnerability.
CWE: ['CWE-209']
CWE Description: 
",4.0,1163.0,7.0,0.8208444118499756
174_test_flask_session_captcha.py,"1. Whether the code is vulnerable or not. Tell me YES or NO.
   - YES

2. If YES, please list the vulnerabilities type, the vulnerable lines, and the reason.
   - **Hardcoded Secret Key**: 
     - **Vulnerable Lines**: Line 10
     - **Reason**: The `SECRET_KEY` is hardcoded as `'aba'`. This is a security risk because it should be kept secret and not be easily guessable. Hardcoding it makes the application vulnerable to attacks such as session hijacking.

   - **Session Fixation**:
     - **Vulnerable Lines**: Lines 56-59
     - **Reason**: The code sets a session cookie manually with `self.client.set_cookie(""localhost"", ""session"", ck.value)`. This can lead to session fixation attacks where an attacker can set a known session ID and hijack the session.

   - **Insecure CAPTCHA Implementation**:
     - **Vulnerable Lines**: Throughout the code, especially in the `_default_routes` function.
     - **Reason**: The CAPTCHA answer is directly returned in the response (`return str(captcha.get_answer())`). This allows an attacker to easily bypass the CAPTCHA by simply reading the response.

3. If NO, please tell me the reason.
   - N/A

4. If you are not sure, please tell me the reason.
   - N/A","CVE: CVE-2022-24880
CVE Description: flask-session-captcha is a package which allows users to extend Flask by adding an image based captcha stored in a server side session. In versions prior to 1.2.1, he `captcha.validate()` function would return `None` if passed no value (e.g. by submitting an having an empty form). If implementing users were checking the return value to be **False**, the captcha verification check could be bypassed. Version 1.2.1 fixes the issue. Users can workaround the issue by not explicitly checking that the value is False. Checking the return value less explicitly should still work.
CWE: ['CWE-754']
CWE Description: 
",2.0,990.0,7.0,1.2268364429473877
175_spacetobatch_op_test.py,"1. Whether the code is vulnerable or not. Tell me YES or NO.
   - YES

2. If YES, please list the vulnerabilities type, the vulnerable lines, and the reason.

   - **Vulnerability Type**: Use of `array_ops.placeholder`
     - **Vulnerable Lines**: Lines where `array_ops.placeholder` is used, specifically in the `_testPad` methods of `SpaceToBatchTest` and `SpaceToBatchNDTest` classes.
     - **Reason**: The use of `array_ops.placeholder` is deprecated in TensorFlow 2.x. It is part of TensorFlow 1.x's graph execution model, which can lead to security issues if not properly managed, especially in a mixed environment where eager execution is expected. This can lead to unexpected behavior or vulnerabilities if the code is not properly isolated or converted to TensorFlow 2.x's eager execution model.

   - **Vulnerability Type**: Potential Integer Overflow
     - **Vulnerable Lines**: Lines involving calculations with `np.prod(arr2)` and reshaping operations in the `space_to_batch_direct` function.
     - **Reason**: The use of `np.prod(arr2)` and reshaping operations without proper checks can lead to integer overflow or memory issues if the input sizes are large or not properly validated. This can cause the program to crash or behave unexpectedly.

3. If NO, please tell me the reason.
   - N/A

4. If you are not sure, please tell me the reason.
   - N/A

To mitigate these vulnerabilities, consider updating the code to use TensorFlow 2.x's eager execution model and ensure proper input validation to prevent integer overflow and memory issues.","CVE: CVE-2022-29203
CVE Description: TensorFlow is an open source platform for machine learning. Prior to versions 2.9.0, 2.8.1, 2.7.2, and 2.6.4, the implementation of `tf.raw_ops.SpaceToBatchND` (in all backends such as XLA and handwritten kernels) is vulnerable to an integer overflow: The result of this integer overflow is used to allocate the output tensor, hence we get a denial of service via a `CHECK`-failure (assertion failure), as in TFSA-2021-198. Versions 2.9.0, 2.8.1, 2.7.2, and 2.6.4 contain a patch for this issue.
CWE: ['CWE-190']
CWE Description: 
",4.0,1095.0,7.0,0.8473937511444092
176_test_for_range.py,"1. Whether the code is vulnerable or not. Tell me YES or NO.
   - YES

2. If YES, please list the vulnerabilities type, the vulnerable lines, and the reason.

   - **Integer Overflow/Underflow**:
     - **Vulnerable Lines**: The code snippets using `int128` and `uint256` types in loops and arithmetic operations, such as in `test_offset_repeater`, `test_offset_repeater_2`, `test_for_range_edge`, `test_for_range_oob_check`, and others.
     - **Reason**: The code does not include checks for integer overflow or underflow. For example, in `test_for_range_oob_check`, the loop iterates over a range that could potentially exceed the maximum value of the type, leading to an overflow.

   - **Division by Zero**:
     - **Vulnerable Lines**: In `test_digit_reverser`, the line `a = a / 10` could potentially lead to a division by zero if `a` is zero.
     - **Reason**: The code does not check if `a` is zero before performing the division operation.

   - **Unbounded Loops**:
     - **Vulnerable Lines**: In `test_offset_repeater_2`, the loop `for i in range(frm, frm + 101)` can potentially iterate over a large range if `frm` is a large number.
     - **Reason**: The loop does not have a mechanism to prevent excessive gas consumption, which could lead to denial of service.

   - **Incorrect Assertions**:
     - **Vulnerable Lines**: Assertions like `assert c.sum(100, 99999) == 15150` in `test_offset_repeater_2` assume specific behavior without considering edge cases.
     - **Reason**: The assertions do not account for potential changes in behavior due to integer overflow or other logical errors.

3. If NO, please tell me the reason.
   - N/A

4. If you are not sure, please tell me the reason.
   - N/A

Overall, the code contains several potential vulnerabilities related to integer operations and loop bounds that could lead to unexpected behavior or denial of service. Proper checks and validations should be added to mitigate these issues.","CVE: CVE-2023-32058
CVE Description: Vyper is a Pythonic smart contract language for the Ethereum virtual machine. Prior to version 0.3.8, due to missing overflow check for loop variables, by assigning the iterator of a loop to a variable, it is possible to overflow the type of the latter. The issue seems to happen only in loops of type `for i in range(a, a + N)` as in loops of type `for i in range(start, stop)` and `for i in range(stop)`, the compiler is able to raise a `TypeMismatch` when trying to overflow the variable. The problem has been patched in version 0.3.8.
CWE: ['CWE-190']
CWE Description: 
",4.0,1176.0,7.0,0.7001094818115234
177_ragged_factory_ops.py,"1. Whether the code is vulnerable or not. Tell me YES or NO.
   - YES

2. If YES, please list the vulnerabilities type, the vulnerable lines, and the reason.

   - **Type: Import Alias Confusion**
     - **Vulnerable Lines:** 
       - `import numpy as n`
       - `from tensorflow.python.framework import dtypes as d`
     - **Reason:** Using single-letter aliases for imports can lead to confusion and make the code less readable. This can increase the risk of errors, especially in larger codebases where the same alias might be used for different libraries or modules.

   - **Type: Potential Type Confusion**
     - **Vulnerable Lines:** 
       - `def constant_value(pylist, dtype=None, ragged_rank=None, inner_shape=None, row_splits_dtype=""int64""):`
     - **Reason:** The function `constant_value` accepts a `dtype` parameter that can be either a `DType` object or a string. This can lead to type confusion and potential runtime errors if the wrong type is passed.

   - **Type: Lack of Input Validation**
     - **Vulnerable Lines:** 
       - `def _constant_value(f, g, p, d, r, i):`
     - **Reason:** The function `_constant_value` does not perform thorough validation on its input parameters `p`, `d`, `r`, and `i`. This can lead to unexpected behavior or errors if invalid data is passed.

   - **Type: Inconsistent Error Handling**
     - **Vulnerable Lines:** 
       - Throughout the code, various `ValueError` and `TypeError` exceptions are raised.
     - **Reason:** The code raises exceptions in multiple places without a consistent strategy for handling them. This can lead to unhandled exceptions and potential crashes if the caller does not properly manage these exceptions.

3. If NO, please tell me the reason.
   - N/A

4. If you are not sure, please tell me the reason.
   - N/A","CVE: CVE-2022-29202
CVE Description: TensorFlow is an open source platform for machine learning. Prior to versions 2.9.0, 2.8.1, 2.7.2, and 2.6.4, the implementation of `tf.ragged.constant` does not fully validate the input arguments. This results in a denial of service by consuming all available memory. Versions 2.9.0, 2.8.1, 2.7.2, and 2.6.4 contain a patch for this issue.
CWE: ['CWE-20', 'CWE-400', 'CWE-1284']
CWE Description: 
",2.0,1141.0,7.0,7.147271633148193
178_text.py,"1. Whether the code is vulnerable or not. Tell me YES or NO.
   - YES

2. If YES, please list the vulnerabilities type, the vulnerable lines, and the reason.

   - **Regular Expression Denial of Service (ReDoS):**
     - **Vulnerable Lines:** The use of `_lazy_re_compile` with complex regular expressions could potentially lead to ReDoS if the input is not controlled or sanitized. This includes lines where `re_words`, `re_chars`, `re_tag`, `re_newlines`, `re_camel_case`, and `smart_split_re` are defined.
     - **Reason:** Regular expressions that are too complex or improperly constructed can be exploited with specially crafted input to cause excessive backtracking, leading to performance degradation or denial of service.

   - **Improper Input Validation:**
     - **Vulnerable Lines:** `get_valid_filename` function.
     - **Reason:** The function attempts to sanitize filenames by removing unwanted characters, but it may not cover all edge cases or malicious inputs, potentially allowing for directory traversal or other file-related attacks if used improperly.

   - **Insecure Randomness:**
     - **Vulnerable Lines:** `_get_random_filename` function.
     - **Reason:** The function uses `secrets.randbelow(mx)` to generate a random filename, which is secure for generating random numbers but the function itself may not ensure the randomness is used securely in all contexts, especially if the filename is used in security-sensitive operations.

   - **Potential Information Disclosure:**
     - **Vulnerable Lines:** `compress_string` and `compress_sequence` functions.
     - **Reason:** These functions include the filename in the gzip header, which could potentially disclose sensitive information if the filename is derived from user input or contains sensitive data.

3. If NO, please tell me the reason.
   - Not applicable.

4. If you are not sure, please tell me the reason.
   - Not applicable.","CVE: CVE-2023-43665
CVE Description: In Django 3.2 before 3.2.22, 4.1 before 4.1.12, and 4.2 before 4.2.6, the django.utils.text.Truncator chars() and words() methods (when used with html=True) are subject to a potential DoS (denial of service) attack via certain inputs with very long, potentially malformed HTML text. The chars() and words() methods are used to implement the truncatechars_html and truncatewords_html template filters, which are thus also vulnerable. NOTE: this issue exists because of an incomplete fix for CVE-2019-14232.
CWE: ['CWE-1284']
CWE Description: 
",2.0,1134.0,7.0,0.9182653427124025
179_preview_html.py,"1. Whether the code is vulnerable or not. Tell me YES or NO.
   - YES

2. If YES, please list the vulnerabilities type, the vulnerable lines, and the reason.

   - **Vulnerability Type**: XML External Entity (XXE) Injection
     - **Vulnerable Lines**: 
       - Line 79: `return etree.fromstring(_9, _13)`
     - **Reason**: The code uses `etree.fromstring()` to parse XML data without disabling external entity processing. This can lead to XXE vulnerabilities if the input XML data is untrusted, allowing attackers to read arbitrary files or cause denial of service.

   - **Vulnerability Type**: Denial of Service (DoS)
     - **Vulnerable Lines**: 
       - Line 112: `for _31 in _30.iterchildren(reversed=True):`
     - **Reason**: The code iterates over children of an XML element without any depth or size limit. This can lead to performance issues or memory exhaustion if the XML document is deeply nested or very large.

3. If NO, please tell me the reason.
   - Not applicable.

4. If you are not sure, please tell me the reason.
   - Not applicable.","CVE: CVE-2022-31052
CVE Description: Synapse is an open source home server implementation for the Matrix chat network. In versions prior to 1.61.1 URL previews of some web pages can exhaust the available stack space for the Synapse process due to unbounded recursion. This is sometimes recoverable and leads to an error for the request causing the problem, but in other cases the Synapse process may crash altogether. It is possible to exploit this maliciously, either by malicious users on the homeserver, or by remote users sending URLs that a local user's client may automatically request a URL preview for. Remote users are not able to exploit this directly, because the URL preview endpoint is authenticated. Deployments with `url_preview_enabled: false` set in configuration are not affected. Deployments with `url_preview_enabled: true` set in configuration **are** affected. Deployments with no configuration value set for `url_preview_enabled` are not affected, because the default is `false`. Administrators of homeservers with URL previews enabled are advised to upgrade to v1.61.1 or higher. Users unable to upgrade should set `url_preview_enabled` to false.
CWE: ['CWE-674']
CWE Description: 
",2.0,1085.0,7.0,0.5068161487579346
180_setup.py,"1. Whether the code is vulnerable or not. Tell me YES or NO.
   - YES

2. If YES, please list the vulnerabilities type, the vulnerable lines, and the reason.

   - **Use of `os.path.realpath(__file__)`**:
     - **Vulnerable Lines**: Line 8
     - **Reason**: Using `os.path.realpath(__file__)` can be potentially dangerous if the script is executed in an environment where the file path can be manipulated by an attacker. This could lead to directory traversal attacks if not properly handled.

   - **Use of `shutil.copy2` without validation**:
     - **Vulnerable Lines**: Lines 79-80
     - **Reason**: The code copies files from a source to a destination without validating the source paths. If the `files` dictionary is populated with untrusted input, it could lead to arbitrary file overwrite vulnerabilities.

   - **Use of `sys.path.insert`**:
     - **Vulnerable Lines**: Line 8
     - **Reason**: Modifying `sys.path` can lead to importing malicious modules if an attacker can place a module with the same name in the specified directory. This is especially risky if the directory is writable by untrusted users.

   - **Use of `eval` or similar functions**:
     - **Vulnerable Lines**: Not directly present, but the use of `exec` or `eval` should be checked if any dynamic code execution is involved.
     - **Reason**: Dynamic code execution functions like `eval` or `exec` can execute arbitrary code if they process untrusted input.

3. If NO, please tell me the reason.
   - Not applicable.

4. If you are not sure, please tell me the reason.
   - Not applicable.","CVE: CVE-2022-2822
CVE Description: An attacker can freely brute force username and password and can takeover any account. An attacker could easily guess user passwords and gain access to user and administrative accounts.
CWE: ['CWE-307']
CWE Description: 
",2.0,997.0,7.0,0.8197391033172607
181_config_dict_template.py,"1. Whether the code is vulnerable or not. Tell me YES or NO.
   - YES

2. If YES, please list the vulnerabilities type, the vulnerable lines, and the reason.

   - **Hardcoded Default Credentials**:
     - Vulnerable Lines: Multiple lines where default credentials are set, such as:
       - `""default"": ""admin@example.com""` for email
       - `""default"": ""postgres""` for database user
       - `""default"": ""root""` for MySQL user
     - Reason: Hardcoded default credentials can lead to security vulnerabilities if they are not changed by the user. Attackers often exploit default credentials to gain unauthorized access.

   - **Weak Password Generation**:
     - Vulnerable Line: The `make_password` function.
     - Reason: Although `random.SystemRandom().choice` is used, which is cryptographically secure, the function does not enforce any complexity requirements (e.g., special characters), which might lead to weak passwords if not properly configured.

   - **Potential Misconfiguration**:
     - Vulnerable Lines: Configuration options with `""customizable"": True`.
     - Reason: If users do not customize these options, they might end up with insecure configurations. For example, using self-signed certificates instead of Let's Encrypt could lead to man-in-the-middle attacks.

   - **Email Validation**:
     - Vulnerable Line: The `is_email` function.
     - Reason: The email validation is overly simplistic, only checking for the presence of an ""@"" character. This could lead to accepting invalid email addresses, which might cause issues in systems relying on valid email addresses for authentication or communication.

3. If NO, please tell me the reason.
   - N/A

4. If you are not sure, please tell me the reason.
   - N/A","CVE: CVE-2023-0860
CVE Description: Improper Restriction of Excessive Authentication Attempts in GitHub repository modoboa/modoboa-installer prior to 2.0.4.
CWE: ['CWE-307']
CWE Description: 
",2.0,980.0,7.0,1.0525035858154297
182_wiki.py,"1. Whether the code is vulnerable or not. Tell me YES or NO.
   - YES

2. If YES, please list the vulnerabilities type, the vulnerable lines, and the reason.

   - **Path Traversal Vulnerability**:
     - **Vulnerable Lines**: Lines involving `os.path.join` and `os.path.commonprefix` checks, such as in the `list_wiki` function.
     - **Reason**: The code attempts to prevent directory traversal by checking the common prefix of paths, but this can be bypassed with symbolic links or certain path manipulations. The use of `os.path.realpath` helps mitigate this, but it's not foolproof without further validation.

   - **Cross-Site Scripting (XSS)**:
     - **Vulnerable Lines**: The `search` function and any other place where user input is directly rendered in templates.
     - **Reason**: User input is directly used in rendering templates without proper sanitization, which can lead to XSS if the input is not properly escaped.

   - **Insecure File Upload**:
     - **Vulnerable Lines**: The `upload_file` function.
     - **Reason**: The function uses `secure_filename` to sanitize filenames, but it does not check the file extension against `ALLOWED_EXTENSIONS`, which could allow an attacker to upload malicious files.

   - **Insecure Session Management**:
     - **Vulnerable Lines**: The `login` function.
     - **Reason**: Sessions are managed using a simple list and random strings, which is not secure. There is no expiration or proper session management, making it vulnerable to session fixation or hijacking.

   - **Information Disclosure**:
     - **Vulnerable Lines**: Logging sensitive information such as login attempts.
     - **Reason**: Logging sensitive information can lead to information disclosure if logs are accessed by unauthorized users.

3. If NO, please tell me the reason.
   - N/A

4. If you are not sure, please tell me the reason.
   - N/A","CVE: CVE-2022-36081
CVE Description: Wikmd is a file based wiki that uses markdown. Prior to version 1.7.1, Wikmd is vulnerable to path traversal when accessing `/list/<path:folderpath>` and discloses lists of files located on the server including sensitive data. Version 1.7.1 fixes this issue.
CWE: ['CWE-22', 'CWE-23']
CWE Description: 
",4.0,1064.0,7.0,0.8910436630249023
183_vhost.py,"1. Whether the code is vulnerable or not. Tell me YES or NO.
   - YES

2. If YES, please list the vulnerabilities type, the vulnerable lines, and the reason.

   - **Vulnerability Type**: Case Sensitivity Issue
     - **Vulnerable Lines**: Line 28
     - **Reason**: The code uses `string.lower()` to convert the host header to lowercase. However, `string.lower()` is deprecated in Python 3. Instead, the `str.lower()` method should be used. This could lead to unexpected behavior if the code is run in an environment where `string.lower()` is not supported.

   - **Vulnerability Type**: Potential Host Header Injection
     - **Vulnerable Lines**: Line 28
     - **Reason**: The code retrieves the host header from the request object using `d.getHeader('host')`. If the `getHeader` method does not properly validate or sanitize the input, this could lead to a host header injection vulnerability. An attacker could manipulate the host header to redirect users to a malicious site or bypass security controls.

3. If NO, please tell me the reason.
   - N/A

4. If you are not sure, please tell me the reason.
   - N/A","CVE: CVE-2022-39348
CVE Description: Twisted is an event-based framework for internet applications. Started with version 0.9.4, when the host header does not match a configured host `twisted.web.vhost.NameVirtualHost` will return a `NoResource` resource which renders the Host header unescaped into the 404 response allowing HTML and script injection. In practice this should be very difficult to exploit as being able to modify the Host header of a normal HTTP request implies that one is already in a privileged position. This issue was fixed in version 22.10.0rc1. There are no known workarounds.
CWE: ['CWE-79', 'CWE-80']
CWE Description: 
",2.0,988.0,7.0,0.8135476112365723
184_tornado_requests.py,"1. Whether the code is vulnerable or not. Tell me YES or NO.
   - YES

2. If YES, please list the vulnerabilities type, the vulnerable lines, and the reason.
   - **Vulnerability Type**: Insecure URL Construction
     - **Vulnerable Lines**: Lines 10-14
     - **Reason**: The code constructs a URL by directly appending query parameters without proper encoding. This can lead to URL injection vulnerabilities if the parameters are not properly sanitized or encoded.

   - **Vulnerability Type**: Insecure SSL Configuration
     - **Vulnerable Lines**: Line 16
     - **Reason**: The code replaces ""http://"" with ""https://"" if `q[4]` is not `None`, but it does not enforce SSL/TLS usage or validate the SSL certificate. This can lead to man-in-the-middle attacks if the SSL configuration is not properly set.

   - **Vulnerability Type**: Potential Information Disclosure
     - **Vulnerable Lines**: Lines 34-44
     - **Reason**: The error handling code returns detailed error messages, including exception details, which can disclose sensitive information about the server or application logic to an attacker.

3. If NO, please tell me the reason.
   - N/A

4. If you are not sure, please tell me the reason.
   - N/A","CVE: CVE-2022-3500
CVE Description: A vulnerability was found in keylime. This security issue happens in some circumstances, due to some improperly handled exceptions, there exists the possibility that a rogue agent could create errors on the verifier that stopped attestation attempts for that host leaving it in an attested state but not verifying that anymore.
CWE: ['CWE-248']
CWE Description: 
",2.0,919.0,7.0,1.435302972793579
185_core.py,"1. Whether the code is vulnerable or not. Tell me YES or NO.
   - YES

2. If YES, please list the vulnerabilities type, the vulnerable lines, and the reason.

   - **Command Injection**:
     - Vulnerable Lines: `def do_runcmd(self, arg):` and `def do_clear(self, arg):`
     - Reason: The `os.system(arg)` and `os.system('cls' if os.name == 'nt' else 'clear')` calls can be exploited if user input is not properly sanitized. This allows an attacker to execute arbitrary commands on the host system.

   - **Code Injection**:
     - Vulnerable Line: `def do_runline(self, arg):`
     - Reason: The use of `exec(arg)` can execute arbitrary Python code, which can be dangerous if `arg` is derived from user input.

   - **Path Traversal**:
     - Vulnerable Line: `def do_run(self, arg):`
     - Reason: The `runpy.run_path(path_name=""programs/{arg}"")` call can be exploited to run arbitrary Python files if `arg` is not properly validated, potentially leading to unauthorized file access.

   - **Improper Error Handling**:
     - Vulnerable Lines: The login attempt logic in the `else` block.
     - Reason: The code raises a generic `Exception` after too many failed login attempts, which can be improved by using a more specific exception type. Additionally, the error message reveals the number of attempts allowed, which can aid an attacker in brute force attacks.

   - **Hardcoded Credentials**:
     - Vulnerable Lines: `elif a == cred.loginname and d == cred.loginpass:`
     - Reason: The use of hardcoded credentials in the `cred` module can be a security risk if the module is not properly secured or if the credentials are exposed.

3. If NO, please tell me the reason.
   - Not applicable.

4. If you are not sure, please tell me the reason.
   - Not applicable.","CVE: CVE-2022-46179
CVE Description: LiuOS is a small Python project meant to imitate the functions of a regular operating system. Version 0.1.0 and prior of LiuOS allow an attacker to set the GITHUB_ACTIONS environment variable to anything other than null or true and skip authentication checks. This issue is patched in the latest commit (c658b4f3e57258acf5f6207a90c2f2169698ae22) by requiring the var to be set to true, causing a test script to run instead of being able to login. A potential workaround is to check for the GITHUB_ACTIONS environment variable and set it to """" (no quotes) to null the variable and force credential checks.
CWE: ['CWE-639']
CWE Description: 
",2.0,1168.0,7.0,0.8167574405670166
186_base.py,"1. Whether the code is vulnerable or not. Tell me YES or NO.
   - YES

2. If YES, please list the vulnerabilities type, the vulnerable lines, and the reason.

   - **Sensitive Information Exposure**:
     - **Line**: `try: SECRET_KEY = os.environ['SECRET_KEY'] except KeyError: pass`
     - **Reason**: The code does not handle the case where the `SECRET_KEY` is missing from the environment variables. This could lead to the application running without a proper secret key, which is critical for cryptographic operations and session management in Django.

   - **Weak Password Hashing Algorithm**:
     - **Line**: `'django.contrib.auth.hashers.SHA1PasswordHasher'` in `password_hashers`
     - **Reason**: SHA1 is considered a weak hashing algorithm and should not be used for password hashing due to vulnerabilities to collision attacks.

   - **Database Configuration**:
     - **Line**: `'ENGINE': 'django.db.backends.sqlite3'` in `DATABASES`
     - **Reason**: Using SQLite in a production environment can be a security risk due to its limitations in handling concurrent writes and lack of advanced security features compared to other database systems like PostgreSQL or MySQL.

   - **Missing Security Headers**:
     - **Line**: Not explicitly set in the code
     - **Reason**: The code does not explicitly set security headers such as `Content-Security-Policy`, `Strict-Transport-Security`, and `X-Content-Type-Options`, which are important for protecting against various web vulnerabilities.

3. If NO, please tell me the reason.
   - N/A

4. If you are not sure, please tell me the reason.
   - N/A","CVE: CVE-2019-25091
CVE Description: A vulnerability classified as problematic has been found in nsupdate.info. This affects an unknown part of the file src/nsupdate/settings/base.py of the component CSRF Cookie Handler. The manipulation of the argument CSRF_COOKIE_HTTPONLY leads to cookie without 'httponly' flag. It is possible to initiate the attack remotely. The name of the patch is 60a3fe559c453bc36b0ec3e5dd39c1303640a59a. It is recommended to apply a patch to fix this issue. The identifier VDB-216909 was assigned to this vulnerability.
CWE: ['CWE-1004']
CWE Description: 
",2.0,1057.0,7.0,1.4301214218139648
187_app.py,"1. Whether the code is vulnerable or not. Tell me YES or NO.
   - YES

2. If YES, please list the vulnerabilities type, the vulnerable lines, and the reason.

   - **Information Disclosure**:
     - Vulnerable Lines: The logging configuration and usage throughout the code.
     - Reason: The application logs sensitive information such as form validation errors and generated poems. If the log files are accessible to unauthorized users, it could lead to information disclosure.

   - **Improper Input Validation**:
     - Vulnerable Lines: The `alphanum` function and its usage in the `a` function.
     - Reason: The `alphanum` function removes all non-lowercase alphabetic characters, which might not be sufficient for sanitizing inputs. This could lead to unexpected behavior if the input is not properly validated elsewhere.

   - **Potential Denial of Service (DoS)**:
     - Vulnerable Lines: The `generate_page` and `upload` functions.
     - Reason: The application does not limit the size of the input data for poem generation. Large inputs could lead to excessive resource consumption, potentially causing a denial of service.

   - **Uncaught Exceptions**:
     - Vulnerable Lines: The `b` function.
     - Reason: The `try-except` block in the `b` function catches all exceptions without handling specific ones. This could mask underlying issues and make debugging difficult.

3. If NO, please tell me the reason.
   - N/A

4. If you are not sure, please tell me the reason.
   - N/A","CVE: CVE-2021-4275
CVE Description: A vulnerability, which was classified as problematic, was found in katlings pyambic-pentameter. Affected is an unknown function. The manipulation leads to cross-site request forgery. It is possible to launch the attack remotely. The name of the patch is 974f21aa1b2527ef39c8afe1a5060548217deca8. It is recommended to apply a patch to fix this issue. VDB-216498 is the identifier assigned to this vulnerability.
CWE: ['CWE-352', 'CWE-862', 'CWE-863']
CWE Description: 
",2.0,1027.0,7.0,0.7122657299041748
188___init__.py,"1. Whether the code is vulnerable or not. Tell me YES or NO.
   - YES

2. If YES, please list the vulnerabilities type, the vulnerable lines, and the reason.

   - **Insecure Password Storage**:
     - **Vulnerable Lines**: Lines where passwords are saved to files (`passeo_passwords.txt`, `passeo_quickgen_passwords.txt`, `passeo_quickgen_bulk_passwords.txt`).
     - **Reason**: Storing passwords in plain text files is insecure. If these files are accessed by unauthorized users, all stored passwords can be compromised.

   - **Insecure API Usage**:
     - **Vulnerable Lines**: Line where the `requests.get` method is used to check if a password has been pwned.
     - **Reason**: The code sends the first 5 characters of the SHA-1 hash of the password to an external API. While this is a common practice for checking pwned passwords, it still involves sending potentially sensitive information over the network. Ensure that HTTPS is used to encrypt the data in transit.

   - **Improper Password Strength Evaluation**:
     - **Vulnerable Lines**: Lines where password case checks are performed.
     - **Reason**: The logic for checking if a password contains both uppercase and lowercase letters is flawed. The checks `password.lower()` and `password.upper()` will always return True if the password is non-empty, leading to incorrect evaluations.

   - **Potential Logic Errors**:
     - **Vulnerable Lines**: Lines where conditions are checked for `None` values.
     - **Reason**: The checks for `None` values in password length and case evaluation are unnecessary and unreachable, as these conditions will not occur with the current logic.

3. If NO, please tell me the reason.
   - Not applicable.

4. If you are not sure, please tell me the reason.
   - Not applicable.","CVE: CVE-2022-23472
CVE Description: Passeo is an open source python password generator. Versions prior to 1.0.5 rely on the python `random` library for random value selection. The python `random` library warns that it should not be used for security purposes due to its reliance on a non-cryptographically secure random number generator. As a result a motivated attacker may be able to guess generated passwords. This issue has been addressed in version 1.0.5. Users are advised to upgrade. There are no known workarounds for this vulnerability.
CWE: ['CWE-338']
CWE Description: 
",2.0,1083.0,7.0,0.716322660446167
189_services.py,"1. Whether the code is vulnerable or not. Tell me YES or NO.
   - YES

2. If YES, please list the vulnerabilities type, the vulnerable lines, and the reason.
   - **Vulnerability Type:** Timing Attack
     - **Vulnerable Lines:** Lines 6-14 (Custom `is_equal` function)
     - **Reason:** The custom `is_equal` function attempts to perform a constant-time comparison to prevent timing attacks. However, the implementation is flawed because it uses `ljust` to pad the strings, which can introduce timing discrepancies. Additionally, the loop and the way the result is calculated may not be truly constant-time due to Python's internal optimizations and the way it handles string operations.

   - **Vulnerability Type:** Password Handling
     - **Vulnerable Lines:** Lines 20-26 (AuthenticationService.login method)
     - **Reason:** The password is compared directly using the `is_equal` function. If the `compare_digest` function from `hmac` is not available, the custom implementation is used, which is not secure. This can lead to potential timing attacks as mentioned above.

3. If NO, please tell me the reason.
   - N/A

4. If you are not sure, please tell me the reason.
   - N/A","CVE: CVE-2014-125056
CVE Description: A vulnerability was found in Pylons horus and classified as problematic. Affected by this issue is some unknown functionality of the file horus/flows/local/services.py. The manipulation leads to observable timing discrepancy. The complexity of an attack is rather high. The exploitation is known to be difficult. The patch is identified as fd56ccb62ce3cbdab0484fe4f9c25c4eda6c57ec. It is recommended to apply a patch to fix this issue. VDB-217598 is the identifier assigned to this vulnerability.
CWE: ['CWE-208']
CWE Description: 
",4.0,985.0,7.0,0.8192112445831299
190___init__.py,"1. Whether the code is vulnerable or not. Tell me YES or NO.
   - YES

2. If YES, please list the vulnerabilities type, the vulnerable lines, and the reason.

   - **Vulnerability Type: Insecure Configuration**
     - **Vulnerable Lines:** `_configure_session` method
     - **Reason:** The session configuration uses `SESSION_TYPE` as ""filesystem"" which can be insecure if the file system is not properly secured. Additionally, `SESSION_COOKIE_SECURE` is set based on a configuration value, which might not be set to `True` in all environments, potentially allowing session cookies to be transmitted over unencrypted connections.

   - **Vulnerability Type: Potential Information Disclosure**
     - **Vulnerable Lines:** `_configure_logging` method
     - **Reason:** The logger is set to `pycore.log.getChild(""webui"")`. If logging is not properly configured to avoid sensitive information, it might log sensitive data which could be accessed by unauthorized users.

   - **Vulnerability Type: Insecure Template Handling**
     - **Vulnerable Lines:** `_configure_templating` method
     - **Reason:** While `autoescape` is set to `True`, which is good, the use of `jinja2.FileSystemBytecodeCache` can be risky if the cache directory is not properly secured, as it might allow an attacker to inject or modify cached bytecode.

3. If NO, please tell me the reason.
   - N/A

4. If you are not sure, please tell me the reason.
   - N/A

Overall, the code has some potential security vulnerabilities related to configuration and handling of sessions, logging, and template caching. Proper security measures should be taken to mitigate these risks, such as ensuring secure file permissions, using secure cookie settings, and sanitizing logs.","CVE: CVE-2023-0057
CVE Description: Improper Restriction of Rendered UI Layers or Frames in GitHub repository pyload/pyload prior to 0.5.0b3.dev33.
CWE: ['CWE-1021']
CWE Description: 
",2.0,1008.0,7.0,0.9414899349212646
191___init__.py,"1. Whether the code is vulnerable or not. Tell me YES or NO.
   - YES

2. If YES, please list the vulnerabilities type, the vulnerable lines, and the reason.

   - **Insecure Configuration**:
     - **Vulnerable Lines**: Lines involving `app.config[""SESSION_COOKIE_SECURE""] = secure`
     - **Reason**: The `SESSION_COOKIE_SECURE` flag is set based on a configuration value `use_ssl`. If this value is not properly set to `True` in a production environment, it could lead to session cookies being transmitted over an insecure connection, making them susceptible to interception.

   - **Potential Directory Traversal**:
     - **Vulnerable Lines**: Lines involving `os.makedirs(cp, exist_ok=True)` in `_configure_templating` and `_configure_session`.
     - **Reason**: The code uses `os.path.join` with user-controlled data (`td` from `app.config[""PYLOAD_API""].get_cachedir()`). If `get_cachedir()` returns a path that can be influenced by an attacker, it might lead to directory traversal vulnerabilities.

   - **Lack of Input Validation**:
     - **Vulnerable Lines**: Lines involving `app.config[""PYLOAD_API""].get_config_value(""webui"", ""session_lifetime"")`
     - **Reason**: The `session_lifetime` is set based on a configuration value without validation. If this value can be manipulated, it might lead to excessively long or short session lifetimes, affecting application security and usability.

3. If NO, please tell me the reason.
   - N/A

4. If you are not sure, please tell me the reason.
   - N/A","CVE: CVE-2023-0055
CVE Description: Sensitive Cookie in HTTPS Session Without 'Secure' Attribute in GitHub repository pyload/pyload prior to 0.5.0b3.dev32.
CWE: ['CWE-319', 'CWE-614']
CWE Description: 
",2.0,981.0,7.0,0.8013100624084473
192_forms.py,"1. Whether the code is vulnerable or not. Tell me YES or NO.
   - YES

2. If YES, please list the vulnerabilities type, the vulnerable lines, and the reason.

   - **Hardcoded Secret**: 
     - Vulnerable Line: `self.verification_data = kwargs.pop(""totp_secret"")` in `VerifySMSCodeForm.__init__`
     - Reason: The `totp_secret` is passed as a keyword argument and stored in `self.verification_data`. If this secret is not handled securely (e.g., not encrypted or exposed in logs), it could be compromised.

   - **Insecure Password Handling**:
     - Vulnerable Lines: `ProfileForm.save` method
     - Reason: The `save` method attempts to set a new password using `user.set_password(self.cleaned_data[""confirmation""], self.cleaned_data[""oldpassword""])`. The `set_password` method typically only requires the new password, not the old one. This could indicate a custom implementation that might not be secure if it doesn't properly hash the password.

   - **Potential Information Disclosure**:
     - Vulnerable Lines: `PasswordResetForm.send_mail`
     - Reason: The `send_mail` method sends the password reset email to the user's secondary email without verifying if the secondary email is secure or belongs to the user. This could lead to information disclosure if the secondary email is compromised.

   - **Improper Validation**:
     - Vulnerable Lines: `VerifySMSCodeForm.clean_code` and `Verify2FACodeForm.clean_tfa_code`
     - Reason: The validation logic for TOTP and 2FA codes relies on external libraries (`oath` and `django_otp`). If these libraries are not up-to-date or have vulnerabilities, the validation could be bypassed.

3. If NO, please tell me the reason.
   - N/A

4. If you are not sure, please tell me the reason.
   - N/A","CVE: CVE-2023-2160
CVE Description: Weak Password Requirements in GitHub repository modoboa/modoboa prior to 2.1.0.
CWE: ['CWE-521']
CWE Description: 
",2.0,1029.0,7.0,0.9147744178771972
193___init__.py,"1. Whether the code is vulnerable or not. Tell me YES or NO.
   - NO

3. If NO, please tell me the reason.
   - The provided code snippet simply defines a variable `__TEST_VAR__` and assigns it a string value. There are no operations, functions, or user inputs involved in this snippet that could lead to security vulnerabilities. Without additional context or usage of this variable, it is not possible to identify any security issues.","CVE: CVE-2023-22451
CVE Description: Kiwi TCMS is an open source test management system. In version 11.6 and prior, when users register new accounts and/or change passwords, there is no validation in place which would prevent them from picking an easy to guess password. This issue is resolved by providing defaults for the `AUTH_PASSWORD_VALIDATORS` configuration setting. As of version 11.7, the password can’t be too similar to other personal information, must contain at least 10 characters, can’t be a commonly used password, and can’t be entirely numeric. As a workaround, an administrator may reset all passwords in Kiwi TCMS if they think a weak password may have been chosen.
CWE: ['CWE-521']
CWE Description: 
",1.0,813.0,7.0,1.1261353492736816
194_tensor_list_ops_test.py,"1. Whether the code is vulnerable or not. Tell me YES or NO.
   - YES

2. If YES, please list the vulnerabilities type, the vulnerable lines, and the reason.
   - **Environment Variable Manipulation**: 
     - Vulnerable Line: `os.environ[""TF_XLA_FLAGS""] = (""--tf_xla_min_cluster_size=2 "" + os.environ.get(""TF_XLA_FLAGS"", """"))`
     - Reason: The code modifies the environment variable `TF_XLA_FLAGS` by appending a value to it. If this code is executed in an environment where `TF_XLA_FLAGS` is used for security-sensitive configurations, it could lead to unintended behavior or security issues. This is particularly concerning if the environment variable is set by an untrusted source.

3. If NO, please tell me the reason.
   - N/A

4. If you are not sure, please tell me the reason.
   - N/A","CVE: CVE-2023-25674
CVE Description: TensorFlow is an open source machine learning platform. Versions prior to 2.12.0 and 2.11.1 have a null pointer error in RandomShuffle with XLA enabled. A fix is included in TensorFlow 2.12.0 and 2.11.1.
CWE: ['CWE-476']
CWE Description: 
",2.0,836.0,7.0,0.749225378036499
195_mail_service.py,"1. Whether the code is vulnerable or not. Tell me YES or NO.

   YES

2. If YES, please list the vulnerabilities type, the vulnerable lines, and the reason.

   - **Vulnerability Type**: Exception Handling
     - **Vulnerable Lines**: Lines 15-18
     - **Reason**: The exception handling in the `send_async_email` method is too generic. Catching all exceptions with `except Exception as e` without specifying the exception type can lead to masking of different types of errors, making debugging difficult and potentially hiding security issues. Additionally, the error message logged is generic (""Mailserver error!"") and does not provide enough context about the error.

   - **Vulnerability Type**: Logging Sensitive Information
     - **Vulnerable Lines**: Line 18
     - **Reason**: Logging the exception object `e` directly may inadvertently log sensitive information, depending on the exception details. This could expose sensitive data in logs, which is a security risk.

   - **Vulnerability Type**: Thread Safety
     - **Vulnerable Lines**: Line 23
     - **Reason**: The use of threads (`Thread`) for sending emails asynchronously without proper handling of shared resources or potential race conditions can lead to thread safety issues. If `self.data_group` or any other shared resource is modified concurrently, it could lead to inconsistent states or data corruption.

3. If NO, please tell me the reason.

   N/A

4. If you are not sure, please tell me the reason.

   N/A","CVE: CVE-2022-39228
CVE Description: vantage6 is a privacy preserving federated learning infrastructure for secure insight exchange. vantage6 does not inform the user of wrong username/password combination if the username actually exists. This is an attempt to prevent bots from obtaining usernames. However, if a wrong password is entered a number of times, the user account is blocked temporarily. This issue has been fixed in version 3.8.0.
CWE: ['CWE-203']
CWE Description: 
",2.0,998.0,7.0,1.0060033798217771
196_tables.py,"1. Whether the code is vulnerable or not. Tell me YES or NO.
   - YES

2. If YES, please list the vulnerabilities type, the vulnerable lines, and the reason.

   - **Vulnerability Type**: Password Hashing
     - **Vulnerable Lines**: Lines involving `hash_password` method and password handling.
     - **Reason**: The code uses `hashlib.pbkdf2_hmac` with a fixed number of iterations defined in `_globals[2]`. While PBKDF2 is a secure hashing algorithm, the security of the hash depends on the number of iterations. The code should ensure that the number of iterations is sufficiently high to resist brute-force attacks. Additionally, the code does not enforce a minimum complexity for passwords, which could lead to weak passwords being used.

   - **Vulnerability Type**: Logging Sensitive Information
     - **Vulnerable Lines**: Lines involving logging warnings about passwords.
     - **Reason**: The code logs warnings when an excessively long password is provided. Logging sensitive information, such as passwords, even in hashed form, can lead to security issues if logs are accessed by unauthorized users.

   - **Vulnerability Type**: Username Enumeration
     - **Vulnerable Lines**: Lines in the `login` method.
     - **Reason**: The `login` method returns `None` if the username is not found or if the password is incorrect. This behavior can be exploited to determine if a username exists in the system, which is known as username enumeration. An attacker can use this information to focus on valid usernames for further attacks.

3. If NO, please tell me the reason.
   - Not applicable.

4. If you are not sure, please tell me the reason.
   - Not applicable.","CVE: CVE-2023-41885
CVE Description: Piccolo is an ORM and query builder which supports asyncio. In versions 0.120.0 and prior, the implementation of `BaseUser.login` leaks enough information to a malicious user such that they would be able to successfully generate a list of valid users on the platform. As Piccolo on its own does not also enforce strong passwords, these lists of valid accounts are likely to be used in a password spray attack with the outcome being attempted takeover of user accounts on the platform. The impact of this vulnerability is minor as it requires chaining with other attack vectors in order to gain more then simply a list of valid users on the underlying platform. The likelihood of this vulnerability is possible as it requires minimal skills to pull off, especially given the underlying login functionality for Piccolo based sites is open source. This issue has been patched in version 0.121.0.
CWE: ['CWE-204', 'CWE-203']
CWE Description: 
",4.0,1122.0,7.0,1.5204226970672607
197_stage.py,"1. Whether the code is vulnerable or not. Tell me YES or NO.
   - YES

2. If YES, please list the vulnerabilities type, the vulnerable lines, and the reason.

   - **Insecure Direct Object Reference (IDOR):**
     - **Vulnerable Lines:** `def get_token(self) -> FlowToken:`
     - **Reason:** The `get_token` method uses a slugified identifier based on the stage name and user. If an attacker can predict or manipulate the `identifier`, they might be able to access or create tokens for other users.

   - **Email Enumeration:**
     - **Vulnerable Lines:** `def send_email(self):`
     - **Reason:** The `send_email` method sends an email to the user without verifying if the user exists or is valid. This can be exploited to enumerate valid email addresses by observing the system's response to different inputs.

   - **Improper Handling of Expired Tokens:**
     - **Vulnerable Lines:** `if tk.is_expired: tk.expire_action()`
     - **Reason:** The code checks if a token is expired and calls `expire_action()`, but it does not create a new token or handle the expired token properly, potentially leading to logic errors or unauthorized access.

   - **Potential Information Disclosure:**
     - **Vulnerable Lines:** `self.logger.warning(""Flow token for non-matching user, denying request"")`
     - **Reason:** Logging sensitive information such as mismatched user details can lead to information disclosure if logs are accessed by unauthorized users.

3. If NO, please tell me the reason.
   - N/A

4. If you are not sure, please tell me the reason.
   - N/A","CVE: CVE-2023-39522
CVE Description: goauthentik is an open-source Identity Provider. In affected versions using a recovery flow with an identification stage an attacker is able to determine if a username exists. Only setups configured with a recovery flow are impacted by this. Anyone with a user account on a system with the recovery flow described above is susceptible to having their username/email revealed as existing. An attacker can easily enumerate and check users' existence using the recovery flow, as a clear message is shown when a user doesn't exist. Depending on configuration this can either be done by username, email, or both. This issue has been addressed in versions 2023.5.6 and 2023.6.2. Users are advised to upgrade. There are no known workarounds for this issue.
CWE: ['CWE-203']
CWE Description: 
",2.0,1110.0,7.0,0.8636863231658936
198_test_raw_call.py,"1. Whether the code is vulnerable or not. Tell me YES or NO.
   - YES

2. If YES, please list the vulnerabilities type, the vulnerable lines, and the reason.

   - **Reentrancy Vulnerability**:
     - **Vulnerable Lines**: The code uses `raw_call` in multiple places, such as in `test_delegate_call`, `test_gas`, and others.
     - **Reason**: The use of `raw_call` can lead to reentrancy attacks if not properly handled. If the called contract is malicious, it can re-enter the calling contract before the state changes are finalized.

   - **Gas Limit Issues**:
     - **Vulnerable Lines**: `test_gas` function, particularly in the `outer_contract = get_contract(oc.format("", gas=15000""))` line.
     - **Reason**: Setting a low gas limit can cause transactions to fail unexpectedly, which can be exploited by attackers to cause denial of service.

   - **Unchecked Return Values**:
     - **Vulnerable Lines**: Throughout the code, especially in `raw_call` usages where the return value is not checked.
     - **Reason**: Not checking the return value of `raw_call` can lead to unexpected behavior if the call fails, potentially leading to vulnerabilities.

   - **Delegate Call Misuse**:
     - **Vulnerable Lines**: `test_delegate_call` function.
     - **Reason**: Using `is_delegate_call=True` without proper checks can lead to storage corruption if the delegate call modifies the storage layout unexpectedly.

3. If NO, please tell me the reason.
   - N/A

4. If you are not sure, please tell me the reason.
   - N/A

Overall, the code demonstrates several potential vulnerabilities related to the use of `raw_call`, gas management, and unchecked return values, which are common pitfalls in smart contract development. Proper checks and balances should be implemented to mitigate these risks.","CVE: CVE-2023-30629
CVE Description: Vyper is a Pythonic Smart Contract Language for the ethereum virtual machine. In versions 0.3.1 through 0.3.7, the Vyper compiler generates the wrong bytecode. Any contract that uses the `raw_call` with `revert_on_failure=False` and `max_outsize=0` receives the wrong response from `raw_call`. Depending on the memory garbage, the result can be either `True` or `False`. A patch is available and, as of time of publication, anticipated to be part of Vyper 0.3.8. As a workaround, one may always put  `max_outsize>0`.
CWE: ['CWE-670']
CWE Description: 
",2.0,1114.0,7.0,0.8028452396392822
199_test_init.py,"1. Whether the code is vulnerable or not. Tell me YES or NO.
   - YES

2. If YES, please list the vulnerabilities type, the vulnerable lines, and the reason.

   - **Integer Overflow/Underflow**:
     - Vulnerable Lines: The `bar` function in the `test_init_calls_internal` test case.
     - Reason: The `bar` function converts a `uint256` to a `uint8` and then multiplies it by 7. If the input value is too large (e.g., 255 or 256), this can cause an overflow when converting to `uint8`, as `uint8` can only hold values from 0 to 255. This is demonstrated by the test cases where `assert_compile_failed` is used for values 255 and 256.

   - **Unchecked Conversion**:
     - Vulnerable Lines: The `bar` function in the `test_init_calls_internal` test case.
     - Reason: The conversion from `uint256` to `uint8` is unchecked, which can lead to unexpected behavior if the input value exceeds the range of `uint8`. This can result in incorrect calculations or logic errors.

3. If NO, please tell me the reason.
   - N/A

4. If you are not sure, please tell me the reason.
   - N/A","CVE: CVE-2023-32675
CVE Description: Vyper is a pythonic Smart Contract Language for the ethereum virtual machine. In contracts with more than one regular nonpayable function, it is possible to send funds to the default function, even if the default function is marked `nonpayable`. This applies to contracts compiled with vyper versions prior to 0.3.8. This issue was fixed by the removal of the global `calldatasize` check in commit `02339dfda`. Users are advised to upgrade to version 0.3.8. Users unable to upgrade should avoid use of nonpayable default functions.
CWE: ['CWE-670']
CWE Description: 
",2.0,1003.0,7.0,0.7998826503753662
200_environment_variables.py,"1. Whether the code is vulnerable or not. Tell me YES or NO.
   - YES

2. If YES, please list the vulnerabilities type, the vulnerable lines, and the reason.
   - **Type**: Improper Input Validation
     - **Vulnerable Lines**: Lines involving the `get` method in both `_EnvironmentVariable` and `_BooleanEnvironmentVariable` classes.
     - **Reason**: The `get` method in `_EnvironmentVariable` attempts to convert environment variable values using a callable provided as `self.attr[1]`. If this callable is not properly validated or controlled, it could lead to unexpected behavior or security issues, especially if the callable is user-defined or can be influenced by an attacker.
   
   - **Type**: Potential for Environment Variable Injection
     - **Vulnerable Lines**: Lines involving the `os.getenv` calls in both `_EnvironmentVariable` and `_BooleanEnvironmentVariable` classes.
     - **Reason**: The code relies on environment variables for configuration. If an attacker can influence these environment variables, they might be able to alter the behavior of the application. While this is a common practice, it requires careful consideration of which environment variables are trusted and how they are used.

3. If NO, please tell me the reason.
   - Not applicable.

4. If you are not sure, please tell me the reason.
   - Not applicable.","CVE: CVE-2023-2780
CVE Description: Path Traversal: '\..\filename' in GitHub repository mlflow/mlflow prior to 2.3.1.
CWE: ['CWE-29']
CWE Description: 
",2.0,886.0,7.0,0.7074947357177734
201_auth.py,"1. Whether the code is vulnerable or not. Tell me YES or NO.
   - YES

2. If YES, please list the vulnerabilities type, the vulnerable lines, and the reason.
   - **Hardcoded Sensitive Information**: 
     - The code does not directly show hardcoded sensitive information, but it does rely on environment variables and files for sensitive data like API keys. Ensure these are managed securely.
   
   - **Insecure JWT Handling**:
     - Vulnerable Line: `return jwt.decode(token, options={'verify_signature': False})` in the `decode_response` method of the `AuthClient` class.
     - Reason: Disabling signature verification when decoding JWTs (`verify_signature: False`) is a significant security risk. It allows attackers to forge tokens and bypass authentication checks.

   - **Improper Error Handling**:
     - Vulnerable Lines: The `from_env` method in the `Auth` class.
     - Reason: The method attempts to create an `APIKeyAuth` object with an empty string if the environment variable is not set, which could lead to unexpected behavior or errors. It should handle the case where the environment variable is not set more gracefully.

   - **Potential Information Disclosure**:
     - Vulnerable Lines: Logging sensitive operations such as `LOGGER.debug(f'Auth set from environment variable {variable_name}')`.
     - Reason: Logging sensitive information like API keys or authentication details can lead to information disclosure if logs are accessed by unauthorized users.

3. If NO, please tell me the reason.
   - N/A

4. If you are not sure, please tell me the reason.
   - N/A","CVE: CVE-2023-32303
CVE Description: Planet is software that provides satellite data. The secret file stores the user's Planet API authentication information. It should only be accessible by the user, but before version 2.0.1, its permissions allowed the user's group and non-group to read the file as well. This issue was patched in version 2.0.1. As a workaround, set the secret file permissions to only user read/write by hand.
CWE: ['CWE-732']
CWE Description: 
",2.0,1026.0,7.0,0.8159763813018799
202_sessions.py,"1. Whether the code is vulnerable or not. Tell me YES or NO.
   - YES

2. If YES, please list the vulnerabilities type, the vulnerable lines, and the reason.

   - **Vulnerability Type**: Insecure Cryptographic Hash Function
     - **Vulnerable Lines**: 
       ```python
       self.digest_method = staticmethod(hashlib.sha1)
       ```
     - **Reason**: The code uses `hashlib.sha1` as the digest method for HMAC. SHA-1 is considered weak due to vulnerabilities that allow for collision attacks. It is recommended to use a more secure hash function like SHA-256.

   - **Vulnerability Type**: Missing Secret Key Check
     - **Vulnerable Lines**: 
       ```python
       if not app.secret_key:
           return None
       ```
     - **Reason**: While the code checks if `app.secret_key` is set, it does not enforce that it must be set before proceeding with session operations. This could lead to insecure session handling if the secret key is not properly configured.

   - **Vulnerability Type**: Potential Session Fixation
     - **Vulnerable Lines**: 
       ```python
       if not val:
           return self.session_class()
       ```
     - **Reason**: When a session cookie is not present, a new session is created without regenerating the session ID. This could potentially allow session fixation attacks. It is advisable to regenerate the session ID upon authentication or when a new session is created.

3. If NO, please tell me the reason.
   - N/A

4. If you are not sure, please tell me the reason.
   - N/A","CVE: CVE-2023-30861
CVE Description: Flask is a lightweight WSGI web application framework. When all of the following conditions are met, a response containing data intended for one client may be cached and subsequently sent by the proxy to other clients. If the proxy also caches `Set-Cookie` headers, it may send one client's `session` cookie to other clients. The severity depends on the application's use of the session and the proxy's behavior regarding cookies. The risk depends on all these conditions being met.

1. The application must be hosted behind a caching proxy that does not strip cookies or ignore responses with cookies.
2. The application sets `session.permanent = True`
3. The application does not access or modify the session at any point during a request.
4. `SESSION_REFRESH_EACH_REQUEST` enabled (the default).
5. The application does not set a `Cache-Control` header to indicate that a page is private or should not be cached.

This happens because vulnerable versions of Flask only set the `Vary: Cookie` header when the session is accessed or modified, not when it is refreshed (re-sent to update the expiration) without being accessed or modified. This issue has been fixed in versions 2.3.2 and 2.2.5.
CWE: ['CWE-539']
CWE Description: 
",2.0,1180.0,7.0,0.7161612510681152
203_ChuanhuChatbot.py,"1. Whether the code is vulnerable or not. Tell me YES or NO.
   - YES

2. If YES, please list the vulnerabilities type, the vulnerable lines, and the reason.

   - **Hardcoded Sensitive Information**:
     - **Lines**: The code contains hardcoded sensitive information such as API keys and server configurations.
     - **Reason**: Hardcoding sensitive information like API keys (`my_api_key`) and server configurations can lead to unauthorized access if the code is exposed.

   - **Lack of Input Validation**:
     - **Lines**: The code does not validate user inputs in several places, such as when setting API keys or proxy addresses.
     - **Reason**: Lack of input validation can lead to injection attacks or other forms of exploitation.

   - **Potential Information Disclosure**:
     - **Lines**: The code logs user information (`request.username`) without proper sanitization.
     - **Reason**: Logging sensitive user information without sanitization can lead to information disclosure if logs are accessed by unauthorized users.

   - **Insecure Default Configuration**:
     - **Lines**: The server is launched with default configurations that may not be secure (`server_name=""0.0.0.0""`).
     - **Reason**: Exposing the server to all network interfaces without proper access control can lead to unauthorized access.

   - **Improper Access Control**:
     - **Lines**: The code does not enforce authentication or authorization for accessing certain functionalities.
     - **Reason**: Lack of proper access control mechanisms can allow unauthorized users to access or manipulate sensitive functionalities.

3. If NO, please tell me the reason.
   - N/A

4. If you are not sure, please tell me the reason.
   - N/A","CVE: CVE-2023-34094
CVE Description: ChuanhuChatGPT is a graphical user interface for ChatGPT and many large language models. A vulnerability in versions 20230526 and prior allows unauthorized access to the config.json file of the privately deployed ChuanghuChatGPT project, when authentication is not configured. The attacker can exploit this vulnerability to steal the API keys in the configuration file. The vulnerability has been fixed in commit bfac445. As a workaround, setting up access authentication can help mitigate the vulnerability.
CWE: ['CWE-306']
CWE Description: 
",4.0,1053.0,7.0,1.0260605812072754
204___init__.py,"1. Whether the code is vulnerable or not. Tell me YES or NO.
   - NO

3. If NO, please tell me the reason.
   - The provided code snippet is a simple import statement and a declaration of `__all__` and `__version__` variables. It does not contain any executable logic or operations that could introduce security vulnerabilities. The `__all__` variable is used to define the public interface of a module, and `__version__` is typically used for versioning purposes. There are no user inputs, data processing, or external interactions in this snippet that could lead to security issues.","CVE: CVE-2023-37920
CVE Description: Certifi is a curated collection of Root Certificates for validating the trustworthiness of SSL certificates while verifying the identity of TLS hosts. Certifi prior to version 2023.07.22 recognizes ""e-Tugra"" root certificates. e-Tugra's root certificates were subject to an investigation prompted by reporting of security issues in their systems. Certifi 2023.07.22 removes root certificates from ""e-Tugra"" from the root store.
CWE: ['CWE-345']
CWE Description: 
",1.0,825.0,7.0,0.818209171295166
205_test_ecrecover.py,"1. Whether the code is vulnerable or not. Tell me YES or NO.
   - YES

2. If YES, please list the vulnerabilities type, the vulnerable lines, and the reason.

   - **Vulnerability Type**: Improper Signature Verification
     - **Vulnerable Lines**: 
       - `def test_ecrecover(h: bytes32, v: uint8, r: bytes32, s: bytes32) -> address:`
       - `def test_ecrecover_uints(h: bytes32, v: uint256, r: uint256, s: uint256) -> address:`
       - `def test_ecrecover(hash: bytes32, v: uint8, r: uint256) -> address:`
     - **Reason**: The `ecrecover` function is used to recover the address associated with the public key that created the signature. However, if the signature parameters `v`, `r`, and `s` are not properly validated, it can lead to incorrect address recovery or even allow an attacker to forge signatures. The code does not validate the signature parameters before using them in the `ecrecover` function, which can lead to security vulnerabilities.

   - **Vulnerability Type**: Unchecked Return Values
     - **Vulnerable Lines**: 
       - `return ecrecover(hash, v, r, s)`
     - **Reason**: The return value of the `ecrecover` function is not checked for validity. If the signature is invalid, `ecrecover` can return an address that is not the intended signer. This can lead to incorrect assumptions about the authenticity of the signature.

3. If NO, please tell me the reason.
   - N/A

4. If you are not sure, please tell me the reason.
   - N/A

To mitigate these vulnerabilities, ensure that the signature parameters are validated before using them in the `ecrecover` function. Additionally, check the return value of `ecrecover` to ensure it matches the expected address.","CVE: CVE-2023-37902
CVE Description: Vyper is a Pythonic programming language that targets the Ethereum Virtual Machine (EVM). Prior to version 0.3.10, the ecrecover precompile does not fill the output buffer if the signature does not verify. However, the ecrecover builtin will still return whatever is at memory location 0. This means that the if the compiler has been convinced to write to the 0 memory location with specially crafted data (generally, this can happen with a hashmap access or immutable read) just before the ecrecover, a signature check might pass on an invalid signature. Version 0.3.10 contains a patch for this issue.
CWE: ['CWE-252']
CWE Description: 
",4.0,1143.0,7.0,0.7604656219482422
206__mlflow_pyfunc_backend_predict.py,"1. Whether the code is vulnerable or not. Tell me YES or NO.

   YES

2. If YES, please list the vulnerabilities type, the vulnerable lines, and the reason.

   - **Vulnerability Type**: Argument Parsing Redundancy
     - **Vulnerable Lines**: Lines 7-9
     - **Reason**: The code calls `_.parse_args()` multiple times, which is inefficient and can lead to unexpected behavior if the arguments are modified between calls. This is not a direct security vulnerability but a potential source of bugs.

   - **Vulnerability Type**: Potential Code Injection
     - **Vulnerable Lines**: Line 14
     - **Reason**: The `_predict` function from `mlflow.pyfunc.scoring_server` is called with user-provided input (`model_uri`, `input_path`, `output_path`, `content_type`). If `_predict` does not properly sanitize these inputs, it could be vulnerable to code injection or other forms of input-based attacks. The security of this code depends on the implementation of `_predict`.

3. If NO, please tell me the reason.

   N/A

4. If you are not sure, please tell me the reason.

   The primary uncertainty lies in the implementation of the `_predict` function from the `mlflow.pyfunc.scoring_server` module. Without reviewing its source code, it's unclear if it properly sanitizes and validates the inputs it receives, which could lead to security vulnerabilities.","CVE: CVE-2023-3765
CVE Description: Absolute Path Traversal in GitHub repository mlflow/mlflow prior to 2.5.0.
CWE: ['CWE-36']
CWE Description: 
",2.0,904.0,7.0,0.8763659000396729
207_dremio_handler.py,"1. Whether the code is vulnerable or not. Tell me YES or NO.
   - YES

2. If YES, please list the vulnerabilities type, the vulnerable lines, and the reason.

   - **Hardcoded Credentials**: 
     - Vulnerable Lines: `cnnctn_args_ex = OrderedDict(...)`
     - Reason: The code contains hardcoded credentials (`username='admin', password='password'`). This is a security risk as it exposes sensitive information and can lead to unauthorized access if the code is shared or deployed in a production environment.

   - **Insecure HTTP Connection**:
     - Vulnerable Lines: `self.bs_url = f""http://{self.cnnctn_dt['host']}:{self.cnnctn_dt['port']}""`
     - Reason: The code uses HTTP instead of HTTPS for connecting to the Dremio server. This can lead to man-in-the-middle attacks where an attacker can intercept and manipulate the data being transmitted.

   - **Lack of Input Validation/Sanitization**:
     - Vulnerable Lines: `qry = qry.replace('""', '\\""').replace('\n', ' ')` and `dta = '{' + f'""sql"": ""{qry}""' + '}'`
     - Reason: The code directly uses user input (`qry`) in SQL queries without proper validation or sanitization. This can lead to SQL injection attacks if an attacker is able to inject malicious SQL code.

   - **Improper Error Handling**:
     - Vulnerable Lines: Throughout the code, especially in `cnnct` and `n_qry` methods.
     - Reason: The code logs errors but does not handle them in a way that prevents further execution or exposure of sensitive information. This can lead to information leakage or undefined behavior.

3. If NO, please tell me the reason.
   - N/A

4. If you are not sure, please tell me the reason.
   - N/A","CVE: CVE-2023-38699
CVE Description: MindsDB's AI Virtual Database allows developers to connect any AI/ML model to any datasource. Prior to version 23.7.4.0, a call to requests with `verify=False` disables SSL certificate checks. This rule enforces always verifying SSL certificates for methods in the Requests library. In version 23.7.4.0, certificates are validated by default, which is the desired behavior.
CWE: ['CWE-311']
CWE Description: 
",2.0,1064.0,7.0,0.8165810108184814
208_test_structure_exception.py,"1. Whether the code is vulnerable or not. Tell me YES or NO.
   - YES

2. If YES, please list the vulnerabilities type, the vulnerable lines, and the reason.

   - **Vulnerability Type: Invalid Syntax and Misuse of Language Features**
     - **Lines:**
       - `x[5] = 4`: This line is invalid because it attempts to assign a value to an undefined variable `x` with an index, which is not properly declared or initialized.
       - `x: [bar, baz]`: This line is invalid because it attempts to declare a variable `x` with an undefined type `[bar, baz]`.
       - `x: [bar(int128), baz(baffle)]`: This line is invalid because it attempts to declare a variable `x` with an undefined type `[bar(int128), baz(baffle)]`.
       - `x: int128 @external @view(123) def foo() -> int128: pass`: The `@view` decorator is incorrectly used with an argument `123`, which is not valid.
       - `@external def foo(): throe`: The function contains an undefined statement `throe`, which is likely a typo or misuse.
       - `struct X: int128[5]: int128[7]`: This line is invalid because it attempts to declare a struct with an invalid syntax.
       - `@external @nonreentrant("" "") def invalid_nonreentrant_key(): pass`: The `@nonreentrant` decorator is used with an invalid key `"" ""`.
       - `@external @nonreentrant("""") def invalid_nonreentrant_key(): pass`: The `@nonreentrant` decorator is used with an invalid key `""""`.
       - `@external @nonreentrant(""123"") def invalid_nonreentrant_key(): pass`: The `@nonreentrant` decorator is used with an invalid key `""123""`.
       - `@external @nonreentrant(""!123abcd"") def invalid_nonreentrant_key(): pass`: The `@nonreentrant` decorator is used with an invalid key `""!123abcd""`.
       - `@external def foo(): true: int128 = 3`: The line attempts to use `true` as a variable name, which is a reserved keyword.
       - `N: HashMap[uint256, bool][3]`: The declaration of a `HashMap` with a fixed size is not valid in Vyper.
       - `A: constant(uint256) = 3 N: public(HashMap[uint256, uint256][A])`: The declaration of a `HashMap` with a constant size is not valid in Vyper.
       - `A: immutable(uint256) N: public(HashMap[uint256, bool][A]) @external def __init__(): A = 3`: The use of `immutable` with a `HashMap` is not valid in Vyper.
       - `N: HashMap[uint256, bool][3][3]`: The declaration of a multi-dimensional `HashMap` is not valid in Vyper.
       - `M = [HashMap[uint8, uint8](), HashMap[uint8, uint8]()] @external def __init__(): M[0] = M[1]`: The assignment of `HashMap` instances in a list is not valid in Vyper.
       - `M1: HashMap[uint8, uint8] @external def __init__(): M1 = 234`: The assignment of a non-`HashMap` value to a `HashMap` variable is not valid in Vyper.

   - **Vulnerability Type: Potential Reentrancy Issues**
     - **Lines:**
       - `@external @nonreentrant(""B"") @nonreentrant(""C"") def double_nonreentrant(): pass`: Using multiple `@nonreentrant` decorators with different keys can lead to potential reentrancy issues.

3. If NO, please tell me the reason.
   - N/A

4. If you are not sure, please tell me the reason.
   - N/A","CVE: CVE-2023-42441
CVE Description: Vyper is a Pythonic Smart Contract Language for the Ethereum Virtual Machine (EVM). Starting in version 0.2.9 and prior to version 0.3.10, locks of the type `@nonreentrant("""")` or `@nonreentrant('')` do not produce reentrancy checks at runtime. This issue is fixed in version 0.3.10. As a workaround, ensure the lock name is a non-empty string.
CWE: ['CWE-833', 'CWE-667']
CWE Description: 
",4.0,1533.0,7.0,0.6121747493743896
209_tasks.py,"1. Whether the code is vulnerable or not. Tell me YES or NO.
   - YES

2. If YES, please list the vulnerabilities type, the vulnerable lines, and the reason.

   - **Improper Handling of Attachments**: 
     - Vulnerable Lines: `for att in attach_list: mail.attach_file(att); os.remove(att)`
     - Reason: The code removes the attachment file after sending the email. If the email sending fails, the file will still be deleted, potentially leading to data loss. Additionally, if the `attach_list` contains paths that are not properly validated, it could lead to security issues such as path traversal.

   - **Global Variable Usage**:
     - Vulnerable Lines: `global global_var; global_var = r_ids`
     - Reason: Using a global variable (`global_var`) to store user IDs can lead to race conditions and data inconsistency, especially in a concurrent environment like Celery tasks.

   - **Lack of Input Validation**:
     - Vulnerable Lines: `r_ids = list(User.objects.filter(email__in=e_list).values_list('id', flat=True))`
     - Reason: The `e_list` is used directly in a database query without validation or sanitization, which could potentially lead to SQL injection if the input is not properly controlled elsewhere in the application.

3. If NO, please tell me the reason.
   - N/A

4. If you are not sure, please tell me the reason.
   - N/A","CVE: CVE-2023-46138
CVE Description: JumpServer is an open source bastion host and maintenance security audit system that complies with 4A specifications. Prior to version 3.8.0, the default email for initial user admin is `admin[@]mycompany[.]com`, and users reset their passwords by sending an email. Currently, the domain `mycompany.com` has not been registered. However, if it is registered in the future, it may affect the password reset functionality. This issue has been patched in version 3.8.0 by changing the default email domain to `example.com`. Those who cannot upgrade may change the default email domain to `example.com` manually.
CWE: ['CWE-640']
CWE Description: 
",2.0,1044.0,7.0,0.8208601474761963
